37 24
-0.0911236 4.04093 11.8205 0.988016 -0.154101 -0.00219458 0.00854827
0 0 0 1 0 0 0
-2 1 0 1 0 0 0
0 0.75 0 1 0 0 0
0.5 0.75 0 1 0 0 0
0.7 0 0 1 0 0 0
-0.5 0.75 0 1 0 0 0
-0.7 0 0 1 0 0 0
0.333333 -0.75 0 1 0 0 0
0 -1 0 1 0 0 0
-0.333333 -0.75 0 1 0 0 0
0 -1 0 1 0 0 0
2 1 0 1 0 0 0
0 0.75 0 1 0 0 0
0.5 0.75 0 1 0 0 0
0.7 0 0 1 0 0 0
-0.5 0.75 0 1 0 0 0
-0.7 0 0 1 0 0 0
0.333333 -0.75 0 1 0 0 0
0 -1 0 1 0 0 0
-0.333333 -0.75 0 1 0 0 0
0 -1 0 1 0 0 0
-4 1 -4 1 0 0 0
4 3 4 1 0 0 0
-10.6447 2.33663 6.1068 0.859757 -0.150057 -0.479098 0.0936224
0 0 0 1 0 0 0
-2 1 0 1 0 0 0
0 0.75 0 1 0 0 0
0.5 0.75 0 1 0 0 0
0.7 0 0 1 0 0 0
-0.5 0.75 0 1 0 0 0
-0.7 0 0 1 0 0 0
0.333333 -0.75 0 1 0 0 0
0 -1 0 1 0 0 0
-0.333333 -0.75 0 1 0 0 0
0 -1 0 1 0 0 0
2 1 0 1 0 0 0
0 0.75 0 1 0 0 0
0.5 0.75 0 1 0 0 0
0.7 0 0 1 0 0 0
-0.5 0.75 0 1 0 0 0
-0.7 0 0 1 0 0 0
0.333333 -0.75 0 1 0 0 0
0 -1 0 1 0 0 0
-0.333333 -0.75 0 1 0 0 0
0 -1 0 1 0 0 0
-4 1 -4 1 0 0 0
4 3 4 1 0 0 0
11.8375 1.3036 3.77305 0.799235 -0.143878 0.569659 -0.126531
0 0 0 1 0 0 0
-2 1 0 1 0 0 0
0 0.75 0 1 0 0 0
0.5 0.75 0 1 0 0 0
0.7 0 0 1 0 0 0
-0.5 0.75 0 1 0 0 0
-0.7 0 0 1 0 0 0
0.333333 -0.75 0 1 0 0 0
0 -1 0 1 0 0 0
-0.333333 -0.75 0 1 0 0 0
0 -1 0 1 0 0 0
2 1 0 1 0 0 0
0 0.75 0 1 0 0 0
0.5 0.75 0 1 0 0 0
0.7 0 0 1 0 0 0
-0.5 0.75 0 1 0 0 0
-0.7 0 0 1 0 0 0
0.333333 -0.75 0 1 0 0 0
0 -1 0 1 0 0 0
-0.333333 -0.75 0 1 0 0 0
0 -1 0 1 0 0 0
-4 1 -4 1 0 0 0
4 3 4 1 0 0 0
2.2538 12.0233 2.53448 0.736995 -0.539377 0.318237 0.254236
0 0 0 1 0 0 0
-2 1 0 1 0 0 0
0 0.75 0 1 0 0 0
0.5 0.75 0 1 0 0 0
0.7 0 0 1 0 0 0
-0.5 0.75 0 1 0 0 0
-0.7 0 0 1 0 0 0
0.333333 -0.75 0 1 0 0 0
0 -1 0 1 0 0 0
-0.333333 -0.75 0 1 0 0 0
0 -1 0 1 0 0 0
2 1 0 1 0 0 0
0 0.75 0 1 0 0 0
0.5 0.75 0 1 0 0 0
0.7 0 0 1 0 0 0
-0.5 0.75 0 1 0 0 0
-0.7 0 0 1 0 0 0
0.333333 -0.75 0 1 0 0 0
0 -1 0 1 0 0 0
-0.333333 -0.75 0 1 0 0 0
0 -1 0 1 0 0 0
-4 1 -4 1 0 0 0
4 3 4 1 0 0 0
-0.679641 -4.89963 11.4715 0.9644 0.211754 0.00337691 -0.15837
0 0 0 1 0 0 0
-2 1 0 1 0 0 0
0 0.75 0 1 0 0 0
0.5 0.75 0 1 0 0 0
0.7 0 0 1 0 0 0
-0.5 0.75 0 1 0 0 0
-0.7 0 0 1 0 0 0
0.333333 -0.75 0 1 0 0 0
0 -1 0 1 0 0 0
-0.333333 -0.75 0 1 0 0 0
0 -1 0 1 0 0 0
2 1 0 1 0 0 0
0 0.75 0 1 0 0 0
0.5 0.75 0 1 0 0 0
0.7 0 0 1 0 0 0
-0.5 0.75 0 1 0 0 0
-0.7 0 0 1 0 0 0
0.333333 -0.75 0 1 0 0 0
0 -1 0 1 0 0 0
-0.333333 -0.75 0 1 0 0 0
0 -1 0 1 0 0 0
-4 1 -4 1 0 0 0
4 3 4 1 0 0 0
0.740343 4.62864 11.5797 0.983402 -0.17896 0.0298228 -0.0020963
0 0 0 1 0 0 0
-2 1 0 1 0 0 0
0 0.75 0 1 0 0 0
0.5 0.75 0 1 0 0 0
0.7 0 0 1 0 0 0
-0.5 0.75 0 1 0 0 0
-0.7 0 0 1 0 0 0
0.333333 -0.75 0 1 0 0 0
0 -1 0 1 0 0 0
-0.333333 -0.75 0 1 0 0 0
0 -1 0 1 0 0 0
2 1 0 1 0 0 0
0 0.75 0 1 0 0 0
0.5 0.75 0 1 0 0 0
0.7 0 0 1 0 0 0
-0.5 0.75 0 1 0 0 0
-0.7 0 0 1 0 0 0
0.333333 -0.75 0 1 0 0 0
0 -1 0 1 0 0 0
-0.333333 -0.75 0 1 0 0 0
0 -1 0 1 0 0 0
-4 1 -4 1 0 0 0
4 3 4 1 0 0 0
0.73969 4.62865 11.5798 0.983404 -0.178921 0.0300569 -0.00080976
0 0 0 1 0 0 0
-2 1 0 1 0 0 0
0 0.75 0 1 0 0 0
0.5 0.75 0 1 0 0 0
0.7 0 0 1 0 0 0
-0.5 0.75 0 1 0 0 0
-0.7 0 0 1 0 0 0
0.333333 -0.75 0 1 0 0 0
0 -1 0 1 0 0 0
-0.333333 -0.75 0 1 0 0 0
0 -1 0 1 0 0 0
2 1 0 1 0 0 0
0 0.75 0 1 0 0 0
0.5 0.75 0 1 0 0 0
0.7 0 0 1 0 0 0
-0.5 0.75 0 1 0 0 0
-0.7 0 0 1 0 0 0
0.333333 -0.75 0 1 0 0 0
0 -1 0 1 0 0 0
-0.333333 -0.75 0 1 0 0 0
0 -1 0 1 0 0 0
6.21546 2.23392 -5.11438 1 0 2.35922e-16 0
-2.60939 4.02649 4.03368 1 0 2.84495e-16 0
0.73969 4.62865 11.5798 0.983404 -0.178921 0.0300569 -0.00080976
0 0 0 1 0 0 0
-2 1 0 1 0 0 0
0 0.75 0 1 0 0 0
0.5 0.75 0 1 0 0 0
0.7 0 0 1 0 0 0
-0.5 0.75 0 1 0 0 0
-0.7 0 0 1 0 0 0
0.333333 -0.75 0 1 0 0 0
0 -1 0 1 0 0 0
-0.333333 -0.75 0 1 0 0 0
0 -1 0 1 0 0 0
2 1 0 1 0 0 0
0 0.75 0 1 0 0 0
0.5 0.75 0 1 0 0 0
0.7 0 0 1 0 0 0
-0.5 0.75 0 1 0 0 0
-0.7 0 0 1 0 0 0
0.333333 -0.75 0 1 0 0 0
0 -1 0 1 0 0 0
-0.333333 -0.75 0 1 0 0 0
0 -1 0 1 0 0 0
-6.00796 2.35112 -4.38121 1 0 4.54498e-16 0
3.39479 3.07047 4.01194 1 0 4.71845e-16 0
0.73969 4.62865 11.5798 0.983404 -0.178921 0.0300569 -0.00080976
0 0 0 1 0 0 0
-2 1 0 1 0 0 0
0 0.75 0 1 0 0 0
0.5 0.75 0 1 0 0 0
0.7 0 0 1 0 0 0
-0.5 0.75 0 1 0 0 0
-0.7 0 0 1 0 0 0
0.333333 -0.75 0 1 0 0 0
0 -1 0 1 0 0 0
-0.333333 -0.75 0 1 0 0 0
0 -1 0 1 0 0 0
2 1 0 1 0 0 0
0 0.75 0 1 0 0 0
0.5 0.75 0 1 0 0 0
0.7 0 0 1 0 0 0
-0.5 0.75 0 1 0 0 0
-0.7 0 0 1 0 0 0
0.333333 -0.75 0 1 0 0 0
0 -1 0 1 0 0 0
-0.333333 -0.75 0 1 0 0 0
0 -1 0 1 0 0 0
-0.0782658 0.509391 -4.0646 1 0 8.84709e-16 0
0.372279 4.77689 3.56143 1 0 6.41848e-16 0
0.73969 4.62865 11.5798 0.983404 -0.178921 0.0300569 -0.00080976
0 0 0 1 0 0 0
-2 1 0 1 0 0 0
0 0.75 0 1 0 0 0
0.5 0.75 0 1 0 0 0
0.7 0 0 1 0 0 0
-0.5 0.75 0 1 0 0 0
-0.7 0 0 1 0 0 0
0.333333 -0.75 0 1 0 0 0
0 -1 0 1 0 0 0
-0.333333 -0.75 0 1 0 0 0
0 -1 0 1 0 0 0
2 1 0 1 0 0 0
0 0.75 0 1 0 0 0
0.5 0.75 0 1 0 0 0
0.7 0 0 1 0 0 0
-0.5 0.75 0 1 0 0 0
-0.7 0 0 1 0 0 0
0.333333 -0.75 0 1 0 0 0
0 -1 0 1 0 0 0
-0.333333 -0.75 0 1 0 0 0
0 -1 0 1 0 0 0
-0.0782658 0.509391 -4.0646 1 0 8.84709e-16 0
0.099437 0.0566001 5.35668 1 0 1.87697e-15 0
-1.92772 2.84268 2.72361 0.983404 -0.178921 0.0300569 -0.00080976
0 0 0 1 0 0 0
-2 1 0 1 0 0 0
0 0.75 0 1 0 0 0
0.5 0.75 0 1 0 0 0
0.7 0 0 1 0 0 0
-0.5 0.75 0 1 0 0 0
-0.7 0 0 1 0 0 0
0.333333 -0.75 0 1 0 0 0
0 -1 0 1 0 0 0
-0.333333 -0.75 0 1 0 0 0
0 -1 0 1 0 0 0
2 1 0 1 0 0 0
0 0.75 0 1 0 0 0
0.5 0.75 0 1 0 0 0
0.7 0 0 1 0 0 0
-0.5 0.75 0 1 0 0 0
-0.7 0 0 1 0 0 0
0.333333 -0.75 0 1 0 0 0
0 -1 0 1 0 0 0
-0.333333 -0.75 0 1 0 0 0
0 -1 0 1 0 0 0
-0.0782658 0.509391 -4.0646 1 0 8.84709e-16 0
0.099437 0.0566001 5.35668 1 0 1.87697e-15 0
2.16488 2.77758 2.48787 0.983404 -0.178921 0.0300569 -0.00080976
0 0 0 1 0 0 0
-2 1 0 1 0 0 0
0 0.75 0 1 0 0 0
0.5 0.75 0 1 0 0 0
0.7 0 0 1 0 0 0
-0.5 0.75 0 1 0 0 0
-0.7 0 0 1 0 0 0
0.333333 -0.75 0 1 0 0 0
0 -1 0 1 0 0 0
-0.333333 -0.75 0 1 0 0 0
0 -1 0 1 0 0 0
2 1 0 1 0 0 0
0 0.75 0 1 0 0 0
0.5 0.75 0 1 0 0 0
0.7 0 0 1 0 0 0
-0.5 0.75 0 1 0 0 0
-0.7 0 0 1 0 0 0
0.333333 -0.75 0 1 0 0 0
0 -1 0 1 0 0 0
-0.333333 -0.75 0 1 0 0 0
0 -1 0 1 0 0 0
-0.0782658 0.509391 -4.0646 1 0 8.84709e-16 0
0.099437 0.0566001 5.35668 1 0 1.87697e-15 0
0.228279 3.20958 5.16731 0.983404 -0.178921 0.0300569 -0.00080976
0 0 0 1 0 0 0
-2 1 0 1 0 0 0
0 0.75 0 1 0 0 0
0.5 0.75 0 1 0 0 0
0.7 0 0 1 0 0 0
-0.5 0.75 0 1 0 0 0
-0.7 0 0 1 0 0 0
0.333333 -0.75 0 1 0 0 0
0 -1 0 1 0 0 0
-0.333333 -0.75 0 1 0 0 0
0 -1 0 1 0 0 0
2 1 0 1 0 0 0
0 0.75 0 1 0 0 0
0.5 0.75 0 1 0 0 0
0.7 0 0 1 0 0 0
-0.5 0.75 0 1 0 0 0
-0.7 0 0 1 0 0 0
0.333333 -0.75 0 1 0 0 0
0 -1 0 1 0 0 0
-0.333333 -0.75 0 1 0 0 0
0 -1 0 1 0 0 0
-0.0782658 0.509391 -4.0646 1 0 8.84709e-16 0
0.099437 0.0566001 5.35668 1 0 1.87697e-15 0
0.228279 3.20958 5.16731 0.983404 -0.178921 0.0300569 -0.00080976
0 0 0 1 0 0 0
-2 1 0 1 0 0 0
0 0.75 0 1 0 0 0
0.5 0.75 -8.53484e-16 0.911391 -0.146958 -0.0824011 0.375472
0.7 0 0 1 0 0 0
-0.5 0.75 0 1 0 0 0
-0.7 0 0 1 0 0 0
0.333333 -0.75 0 1 0 0 0
0 -1 0 1 0 0 0
-0.333333 -0.75 0 1 0 0 0
0 -1 0 1 0 0 0
2 1 0 1 0 0 0
0 0.75 0 1 0 0 0
0.5 0.75 0 1 0 0 0
0.7 0 0 1 0 0 0
-0.5 0.75 0 1 0 0 0
-0.7 0 0 1 0 0 0
0.333333 -0.75 0 1 0 0 0
0 -1 0 1 0 0 0
-0.333333 -0.75 0 1 0 0 0
0 -1 0 1 0 0 0
-0.0782658 0.509391 -4.0646 1 0 8.84709e-16 0
0.099437 0.0566001 5.35668 1 0 1.87697e-15 0
0.417784 4.33199 8.14731 0.983404 -0.178921 0.0300569 -0.00080976
0 0 0 1 0 0 0
-2 1 0 1 0 0 0
0 0.75 0 1 0 0 0
0.5 0.75 -8.53484e-16 0.911391 -0.146958 -0.0824011 0.375472
0.7 0 0 1 0 0 0
-0.5 0.75 0 1 0 0 0
-0.7 0 0 1 0 0 0
0.333333 -0.75 0 1 0 0 0
0 -1 0 1 0 0 0
-0.333333 -0.75 0 1 0 0 0
0 -1 0 1 0 0 0
2 1 0 1 0 0 0
0 0.75 0 1 0 0 0
0.5 0.75 0 1 0 0 0
0.7 0 0 1 0 0 0
-0.5 0.75 0 1 0 0 0
-0.7 0 0 1 0 0 0
0.333333 -0.75 0 1 0 0 0
0 -1 0 1 0 0 0
-0.333333 -0.75 0 1 0 0 0
0 -1 0 1 0 0 0
-0.416912 2.77659 -0.101296 1 0 2.48412e-15 0
0.099437 0.0566001 5.35668 1 0 1.87697e-15 0
0.417784 4.33199 8.14731 0.983404 -0.178921 0.0300569 -0.00080976
0 0 0 1 0 0 0
-2 1 0 1 0 0 0
0 0.75 0 1 0 0 0
0.5 0.75 -8.53484e-16 0.911391 -0.146958 -0.0824011 0.375472
0.7 0 0 1 0 0 0
-0.5 0.75 0 1 0 0 0
-0.7 0 0 1 0 0 0
0.333333 -0.75 0 1 0 0 0
0 -1 0 1 0 0 0
-0.333333 -0.75 0 1 0 0 0
0 -1 0 1 0 0 0
2 1 -1.06859e-15 0.739801 -0.157137 -0.641878 -0.126475
0 0.75 0 1 0 0 0
0.5 0.75 0 1 0 0 0
0.7 0 0 1 0 0 0
-0.5 0.75 0 1 0 0 0
-0.7 0 0 1 0 0 0
0.333333 -0.75 0 1 0 0 0
0 -1 0 1 0 0 0
-0.333333 -0.75 0 1 0 0 0
0 -1 0 1 0 0 0
-0.416912 2.77659 -0.101296 1 0 2.48412e-15 0
0.099437 0.0566001 5.35668 1 0 1.87697e-15 0
0.417784 4.33199 8.14731 0.983404 -0.178921 0.0300569 -0.00080976
0 0 0 1 0 0 0
-2 1 0 1 0 0 0
0 0.75 0 1 0 0 0
0.5 0.75 -8.53484e-16 0.911391 -0.146958 -0.0824011 0.375472
0.7 0 0 1 0 0 0
-0.5 0.75 0 1 0 0 0
-0.7 0 0 1 0 0 0
0.333333 -0.75 0 1 0 0 0
0 -1 0 1 0 0 0
-0.333333 -0.75 0 1 0 0 0
0 -1 0 1 0 0 0
2 1 -1.06859e-15 0.739801 -0.157137 -0.641878 -0.126475
0 0.75 0 1 0 0 0
0.5 0.75 0 1 0 0 0
0.7 -4.44089e-16 -1.04361e-14 0.585985 0.105656 -0.0506309 0.801807
-0.5 0.75 0 1 0 0 0
-0.7 -2.75335e-14 -3.55271e-15 -0.170152 -0.706481 0.683787 -0.0660903
0.333333 -0.75 0 1 0 0 0
0 -1 0 1 0 0 0
-0.333333 -0.75 0 1 0 0 0
0 -1 0 1 0 0 0
-0.416912 2.77659 -0.101296 1 0 2.48412e-15 0
0.099437 0.0566001 5.35668 1 0 1.87697e-15 0
0.417784 4.33199 8.14731 0.983404 -0.178921 0.0300569 -0.00080976
0 0 0 1 0 0 0
-2 1 0 1 0 0 0
0 0.75 0 1 0 0 0
0.5 0.75 -8.53484e-16 0.911391 -0.146958 -0.0824011 0.375472
0.7 0 0 1 0 0 0
-0.5 0.75 0 1 0 0 0
-0.7 0 0 1 0 0 0
0.333333 -0.75 0 1 0 0 0
0 -1 0 1 0 0 0
-0.333333 -0.75 0 1 0 0 0
0 -1 0 1 0 0 0
2 1 -1.06859e-15 0.739801 -0.157137 -0.641878 -0.126475
0 0.75 0 1 0 0 0
0.5 0.75 0 1 0 0 0
0.7 -4.44089e-16 -1.04361e-14 0.585985 0.105656 -0.0506309 0.801807
-0.5 0.75 0 1 0 0 0
-0.7 -2.75335e-14 -3.55271e-15 -0.170152 -0.706481 0.683787 -0.0660903
0.333333 -0.75 0 1 0 0 0
7.88258e-15 -1 -8.43769e-15 0.507023 0.138911 0.169291 0.83365
-0.333333 -0.75 0 1 0 0 0
-1.05471e-14 -1 -2.19824e-14 0.277481 -0.201526 -0.529914 0.775618
-0.416912 2.77659 -0.101296 1 0 2.48412e-15 0
0.099437 0.0566001 5.35668 1 0 1.87697e-15 0
-0.110276 2.96237 8.33899 0.994532 -0.103207 -0.00346163 -0.0155968
0 0 0 1 0 0 0
-2 1 0 1 0 0 0
0 0.75 0 1 0 0 0
0.5 0.75 -8.53484e-16 0.911391 -0.146958 -0.0824011 0.375472
0.7 0 0 1 0 0 0
-0.5 0.75 0 1 0 0 0
-0.7 0 0 1 0 0 0
0.333333 -0.75 0 1 0 0 0
-7.99361e-15 -1 -7.03734e-15 0.999223 -0.0389766 -0.000486341 0.00579956
-0.333333 -0.75 0 1 0 0 0
0 -1 0 1 0 0 0
2 1 -1.79717e-15 0.857013 -0.0996073 -0.505563 0.00351444
0 0.75 0 1 0 0 0
0.5 0.75 0 1 0 0 0
0.7 -3.33067e-15 -1.31006e-14 0.430898 -0.158985 -0.856837 0.234267
-0.5 0.75 0 1 0 0 0
-0.7 -5.72875e-14 1.33227e-15 -0.121571 -0.353735 0.74162 0.556859
0.333333 -0.75 0 1 0 0 0
-5.55112e-15 -1 9.10383e-15 0.660939 -0.102609 0.392487 0.631336
-0.333333 -0.75 0 1 0 0 0
1.87628e-14 -1 2.90878e-14 -0.131314 -0.547794 -0.804634 0.18773
-0.232741 2.9417 0.224381 0.998626 -0.0222924 0.0472932 -0.00342166
-4.07476 1.80675 0.071201 1 -2.65241e-15 5.2741e-16 4.15249e-17
-0.110276 2.96237 8.33899 0.994532 -0.103207 -0.00346163 -0.0155968
0 0 0 1 0 0 0
-2 1 0 1 0 0 0
0 0.75 0 1 0 0 0
0.5 0.75 -8.53484e-16 0.911391 -0.146958 -0.0824011 0.375472
0.7 0 0 1 0 0 0
-0.5 0.75 0 1 0 0 0
-0.7 0 0 1 0 0 0
0.333333 -0.75 0 1 0 0 0
-7.99361e-15 -1 -7.03734e-15 0.999223 -0.0389766 -0.000486341 0.00579956
-0.333333 -0.75 0 1 0 0 0
0 -1 0 1 0 0 0
2 1 -2.95597e-15 0.997144 -0.0683231 0.0173946 -0.0270913
0 0.75 0 1 0 0 0
0.5 0.75 0 1 0 0 0
0.7 -3.33067e-15 -1.31006e-14 0.430898 -0.158985 -0.856837 0.234267
-0.5 0.75 0 1 0 0 0
-0.7 -5.72875e-14 1.33227e-15 -0.121571 -0.353735 0.74162 0.556859
0.333333 -0.75 0 1 0 0 0
-5.55112e-15 -1 9.10383e-15 0.660939 -0.102609 0.392487 0.631336
-0.333333 -0.75 0 1 0 0 0
1.87628e-14 -1 2.90878e-14 -0.131314 -0.547794 -0.804634 0.18773
-0.232741 2.9417 0.224381 0.998626 -0.0222924 0.0472932 -0.00342166
-4.07476 1.80675 0.071201 1 -2.65241e-15 5.2741e-16 4.15249e-17
-0.110276 2.96237 8.33899 0.994532 -0.103207 -0.00346163 -0.0155968
0 0 0 1 0 0 0
-2 1 0 1 0 0 0
0 0.75 0 1 0 0 0
0.5 0.75 -8.53484e-16 0.911391 -0.146958 -0.0824011 0.375472
0.7 0 0 1 0 0 0
-0.5 0.75 0 1 0 0 0
-0.7 0 0 1 0 0 0
0.333333 -0.75 0 1 0 0 0
-7.99361e-15 -1 -7.03734e-15 0.999223 -0.0389766 -0.000486341 0.00579956
-0.333333 -0.75 0 1 0 0 0
0 -1 0 1 0 0 0
2 1 -4.72886e-15 0.829928 -0.0179437 -0.555567 -0.0473502
0 0.75 0 1 0 0 0
0.5 0.75 0 1 0 0 0
0.7 -3.33067e-15 -1.31006e-14 0.430898 -0.158985 -0.856837 0.234267
-0.5 0.75 0 1 0 0 0
-0.7 -5.72875e-14 1.33227e-15 -0.121571 -0.353735 0.74162 0.556859
0.333333 -0.75 0 1 0 0 0
-5.55112e-15 -1 9.10383e-15 0.660939 -0.102609 0.392487 0.631336
-0.333333 -0.75 0 1 0 0 0
1.87628e-14 -1 2.90878e-14 -0.131314 -0.547794 -0.804634 0.18773
-0.232741 2.9417 0.224381 0.998626 -0.0222924 0.0472932 -0.00342166
-4.07476 1.80675 0.071201 1 -2.65241e-15 5.2741e-16 4.15249e-17
-0.110276 2.96237 8.33899 0.994532 -0.103207 -0.00346163 -0.0155968
0 0 0 1 0 0 0
-2 1 0 1 0 0 0
0 0.75 0 1 0 0 0
0.5 0.75 -8.53484e-16 0.911391 -0.146958 -0.0824011 0.375472
0.7 0 0 1 0 0 0
-0.5 0.75 0 1 0 0 0
-0.7 0 0 1 0 0 0
0.333333 -0.75 0 1 0 0 0
-7.99361e-15 -1 -7.03734e-15 0.999223 -0.0389766 -0.000486341 0.00579956
-0.333333 -0.75 0 1 0 0 0
0 -1 0 1 0 0 0
2 1 -4.72886e-15 0.829928 -0.0179437 -0.555567 -0.0473502
0 0.75 0 1 0 0 0
0.5 0.75 0 1 0 0 0
0.7 -3.33067e-15 -1.31006e-14 0.430898 -0.158985 -0.856837 0.234267
-0.5 0.75 -4.52971e-14 0.774633 0.00565705 0.632381 0.00257576
-0.7 1.55431e-15 -4.15223e-14 0.640691 -0.728533 0.171785 0.171011
0.333333 -0.75 0 1 0 0 0
-5.55112e-15 -1 9.10383e-15 0.660939 -0.102609 0.392487 0.631336
-0.333333 -0.75 0 1 0 0 0
1.87628e-14 -1 2.90878e-14 -0.131314 -0.547794 -0.804634 0.18773
-0.232741 2.9417 0.224381 0.998626 -0.0222924 0.0472932 -0.00342166
-4.07476 1.80675 0.071201 1 -2.65241e-15 5.2741e-16 4.15249e-17
-0.110276 2.96237 8.33899 0.994532 -0.103207 -0.00346163 -0.0155968
0 0 0 1 0 0 0
-2 1 0 1 0 0 0
-4.88498e-14 0.75 2.61943e-15 0.739315 -0.402202 0.524578 -0.128318
0.5 0.75 -8.53484e-16 0.911391 -0.146958 -0.0824011 0.375472
0.7 0 0 1 0 0 0
-0.5 0.75 0 1 0 0 0
-0.7 0 0 1 0 0 0
0.333333 -0.75 0 1 0 0 0
-7.99361e-15 -1 -7.03734e-15 0.999223 -0.0389766 -0.000486341 0.00579956
-0.333333 -0.75 0 1 0 0 0
0 -1 0 1 0 0 0
2 1 -4.72886e-15 0.829928 -0.0179437 -0.555567 -0.0473502
0 0.75 0 1 0 0 0
0.5 0.75 0 1 0 0 0
0.7 -3.33067e-15 -1.31006e-14 0.430898 -0.158985 -0.856837 0.234267
-0.5 0.75 -4.52971e-14 0.774633 0.00565705 0.632381 0.00257576
-0.7 1.55431e-15 -4.15223e-14 0.640691 -0.728533 0.171785 0.171011
0.333333 -0.75 0 1 0 0 0
-5.55112e-15 -1 9.10383e-15 0.660939 -0.102609 0.392487 0.631336
-0.333333 -0.75 0 1 0 0 0
1.87628e-14 -1 2.90878e-14 -0.131314 -0.547794 -0.804634 0.18773
-0.232741 2.9417 0.224381 0.998626 -0.0222924 0.0472932 -0.00342166
-4.07476 1.80675 0.071201 1 -2.65241e-15 5.2741e-16 4.15249e-17
-0.110276 2.96237 8.33899 0.994532 -0.103207 -0.00346163 -0.0155968
0 0 0 1 0 0 0
-2 1 0 1 0 0 0
-4.88498e-14 0.75 3.25781e-15 0.802241 -0.108468 0.586666 0.0216161
0.5 0.75 -8.53484e-16 0.911391 -0.146958 -0.0824011 0.375472
0.7 0 0 1 0 0 0
-0.5 0.75 0 1 0 0 0
-0.7 0 0 1 0 0 0
0.333333 -0.75 0 1 0 0 0
-7.99361e-15 -1 -7.03734e-15 0.999223 -0.0389766 -0.000486341 0.00579956
-0.333333 -0.75 0 1 0 0 0
0 -1 0 1 0 0 0
2 1 -4.72886e-15 0.829928 -0.0179437 -0.555567 -0.0473502
0 0.75 0 1 0 0 0
0.5 0.75 0 1 0 0 0
0.7 -3.33067e-15 -1.31006e-14 0.430898 -0.158985 -0.856837 0.234267
-0.5 0.75 -4.52971e-14 0.774633 0.00565705 0.632381 0.00257576
-0.7 1.55431e-15 -4.15223e-14 0.640691 -0.728533 0.171785 0.171011
0.333333 -0.75 0 1 0 0 0
-5.55112e-15 -1 9.10383e-15 0.660939 -0.102609 0.392487 0.631336
-0.333333 -0.75 0 1 0 0 0
1.87628e-14 -1 2.90878e-14 -0.131314 -0.547794 -0.804634 0.18773
-0.232741 2.9417 0.224381 0.998626 -0.0222924 0.0472932 -0.00342166
-4.07476 1.80675 0.071201 1 -2.65241e-15 5.2741e-16 4.15249e-17
-0.110276 2.96237 8.33899 0.994532 -0.103207 -0.00346163 -0.0155968
0 0 0 1 0 0 0
-2 1 0 1 0 0 0
-4.9738e-14 0.75 3.66634e-15 0.611856 -0.539272 0.542005 -0.202603
0.5 0.75 -8.53484e-16 0.911391 -0.146958 -0.0824011 0.375472
0.7 0 0 1 0 0 0
-0.5 0.75 0 1 0 0 0
-0.7 0 0 1 0 0 0
0.333333 -0.75 0 1 0 0 0
-7.99361e-15 -1 -7.03734e-15 0.999223 -0.0389766 -0.000486341 0.00579956
-0.333333 -0.75 0 1 0 0 0
0 -1 0 1 0 0 0
2 1 -4.72886e-15 0.829928 -0.0179437 -0.555567 -0.0473502
0 0.75 0 1 0 0 0
0.5 0.75 0 1 0 0 0
0.7 -3.33067e-15 -1.31006e-14 0.430898 -0.158985 -0.856837 0.234267
-0.5 0.75 -4.52971e-14 0.774633 0.00565705 0.632381 0.00257576
-0.7 1.55431e-15 -4.15223e-14 0.640691 -0.728533 0.171785 0.171011
0.333333 -0.75 0 1 0 0 0
-5.55112e-15 -1 9.10383e-15 0.660939 -0.102609 0.392487 0.631336
-0.333333 -0.75 0 1 0 0 0
1.87628e-14 -1 2.90878e-14 -0.131314 -0.547794 -0.804634 0.18773
-0.232741 2.9417 0.224381 0.998626 -0.0222924 0.0472932 -0.00342166
-4.07476 1.80675 0.071201 1 -2.65241e-15 5.2741e-16 4.15249e-17
-0.110276 2.96237 8.33899 0.994532 -0.103207 -0.00346163 -0.0155968
0 0 0 1 0 0 0
-2 1 0 1 0 0 0
-4.9738e-14 0.75 3.34108e-15 0.732863 -0.207821 0.647642 -0.0168006
0.5 0.75 -8.53484e-16 0.911391 -0.146958 -0.0824011 0.375472
0.7 0 0 1 0 0 0
-0.5 0.75 0 1 0 0 0
-0.7 0 0 1 0 0 0
0.333333 -0.75 0 1 0 0 0
-7.99361e-15 -1 -7.03734e-15 0.999223 -0.0389766 -0.000486341 0.00579956
-0.333333 -0.75 0 1 0 0 0
0 -1 0 1 0 0 0
2 1 -4.72886e-15 0.829928 -0.0179437 -0.555567 -0.0473502
0 0.75 0 1 0 0 0
0.5 0.75 0 1 0 0 0
0.7 -3.33067e-15 -1.31006e-14 0.430898 -0.158985 -0.856837 0.234267
-0.5 0.75 -4.52971e-14 0.774633 0.00565705 0.632381 0.00257576
-0.7 1.55431e-15 -4.15223e-14 0.640691 -0.728533 0.171785 0.171011
0.333333 -0.75 0 1 0 0 0
-5.55112e-15 -1 9.10383e-15 0.660939 -0.102609 0.392487 0.631336
-0.333333 -0.75 0 1 0 0 0
1.87628e-14 -1 2.90878e-14 -0.131314 -0.547794 -0.804634 0.18773
-0.232741 2.9417 0.224381 0.998626 -0.0222924 0.0472932 -0.00342166
-4.07476 1.80675 0.071201 1 -2.65241e-15 5.2741e-16 4.15249e-17
-0.110276 2.96237 8.33899 0.994532 -0.103207 -0.00346163 -0.0155968
0 0 0 1 0 0 0
-2 1 0 1 0 0 0
-4.9738e-14 0.75 3.34108e-15 0.732863 -0.207821 0.647642 -0.0168006
0.5 0.75 -8.53484e-16 0.911391 -0.146958 -0.0824011 0.375472
0.7 0 0 1 0 0 0
-0.5 0.75 0 1 0 0 0
-0.7 0 0 1 0 0 0
0.333333 -0.75 0 1 0 0 0
-7.99361e-15 -1 -7.03734e-15 0.999223 -0.0389766 -0.000486341 0.00579956
-0.333333 -0.75 0 1 0 0 0
0 -1 0 1 0 0 0
2 1 -4.72886e-15 0.829928 -0.0179437 -0.555567 -0.0473502
0 0.75 0 1 0 0 0
0.5 0.75 0 1 0 0 0
0.7 -3.33067e-15 -1.31006e-14 0.430898 -0.158985 -0.856837 0.234267
-0.5 0.75 -4.52971e-14 0.774633 0.00565705 0.632381 0.00257576
-0.7 1.55431e-15 -4.15223e-14 0.640691 -0.728533 0.171785 0.171011
0.333333 -0.75 0 1 0 0 0
-5.55112e-15 -1 9.10383e-15 0.660939 -0.102609 0.392487 0.631336
-0.333333 -0.75 0 1 0 0 0
1.87628e-14 -1 2.90878e-14 -0.131314 -0.547794 -0.804634 0.18773
0.631046 1.82601 0.10414 0.998626 -0.0222924 0.0472932 -0.00342166
-4.07476 1.80675 0.071201 1 -2.65241e-15 5.2741e-16 4.15249e-17
1.83506 1.8869 8.44978 0.992862 -0.043389 0.107438 -0.0282781
0 0 0 1 0 0 0
-2 1 1.38778e-17 0.723781 0.0790995 0.685213 -0.0191434
0.0313133 0.843737 0.196749 0.732863 -0.207821 0.647642 -0.0168006
0.5 0.75 -8.53484e-16 0.911391 -0.146958 -0.0824011 0.375472
0.7 0 0 1 0 0 0
-0.5 0.75 0 1 0 0 0
-0.7 0 0 1 0 0 0
0.333333 -0.75 0 1 0 0 0
-7.99361e-15 -1 -7.03734e-15 0.999223 -0.0389766 -0.000486341 0.00579956
-0.333333 -0.75 0 1 0 0 0
0 -1 0 1 0 0 0
2 1 -4.72886e-15 0.829928 -0.0179437 -0.555567 -0.0473502
0 0.75 0 1 0 0 0
0.5 0.75 0 1 0 0 0
0.7 -3.33067e-15 -1.31006e-14 0.430898 -0.158985 -0.856837 0.234267
-0.5 0.75 -4.52971e-14 0.774633 0.00565705 0.632381 0.00257576
-0.7 1.55431e-15 -4.15223e-14 0.640691 -0.728533 0.171785 0.171011
0.333333 -0.75 0 1 0 0 0
-5.55112e-15 -1 9.10383e-15 0.660939 -0.102609 0.392487 0.631336
-0.333333 -0.75 0 1 0 0 0
1.87628e-14 -1 2.90878e-14 -0.131314 -0.547794 -0.804634 0.18773
0.631046 1.82601 0.10414 0.998626 -0.0222924 0.0472932 -0.00342166
-2.10255 1.57291 1.85215 1 -9.66255e-16 5.2741e-16 6.73832e-16
0.540376 4.79688 7.41786 0.974986 -0.217273 0.0446997 0.0140275
0 0 0 1 0 0 0
-2 1 1.38778e-17 0.723781 0.0790995 0.685213 -0.0191434
0.0313133 0.843737 0.196749 0.732863 -0.207821 0.647642 -0.0168006
0.5 0.75 -8.53484e-16 0.911391 -0.146958 -0.0824011 0.375472
0.7 0 0 1 0 0 0
-0.5 0.75 0 1 0 0 0
-0.7 0 0 1 0 0 0
0.333333 -0.75 0 1 0 0 0
-7.99361e-15 -1 -7.03734e-15 0.999223 -0.0389766 -0.000486341 0.00579956
-0.333333 -0.75 0 1 0 0 0
0 -1 0 1 0 0 0
2 1 -4.72886e-15 0.829928 -0.0179437 -0.555567 -0.0473502
0 0.75 0 1 0 0 0
0.5 0.75 -3.10862e-15 0.905007 0.019284 -0.409295 -0.114315
0.650783 0.0576531 -0.0280593 0.629195 -0.682632 -0.135234 -0.346179
-0.5 0.75 -4.52971e-14 0.774633 0.00565705 0.632381 0.00257576
-0.7 1.55431e-15 -4.15223e-14 0.640691 -0.728533 0.171785 0.171011
0.333333 -0.75 0 1 0 0 0
-5.55112e-15 -1 9.10383e-15 0.660939 -0.102609 0.392487 0.631336
-0.333333 -0.75 0 1 0 0 0
1.87628e-14 -1 2.90878e-14 -0.131314 -0.547794 -0.804634 0.18773
0.631046 1.82601 0.10414 0.998626 -0.0222924 0.0472932 -0.00342166
-2.05668 1.54631 1.86057 1 -9.67989e-16 6.38432e-16 6.73832e-16
0.540376 4.79688 7.41786 0.974986 -0.217273 0.0446997 0.0140275
0 0 0 1 0 0 0
-2 1 1.38778e-17 0.723781 0.0790995 0.685213 -0.0191434
0.0313133 0.843737 0.196749 0.732863 -0.207821 0.647642 -0.0168006
0.5 0.75 -8.53484e-16 0.911391 -0.146958 -0.0824011 0.375472
0.7 0 0 1 0 0 0
-0.5 0.75 0 1 0 0 0
-0.7 0 0 1 0 0 0
0.333333 -0.75 0 1 0 0 0
-7.99361e-15 -1 -7.03734e-15 0.999223 -0.0389766 -0.000486341 0.00579956
-0.333333 -0.75 0 1 0 0 0
0 -1 0 1 0 0 0
2 1 -4.72886e-15 0.829928 -0.0179437 -0.555567 -0.0473502
0 0.75 0 1 0 0 0
0.5 0.75 -3.10862e-15 0.905007 0.019284 -0.409295 -0.114315
0.650783 0.0576531 -0.0280593 0.629195 -0.682632 -0.135234 -0.346179
-0.5 0.75 -4.52971e-14 0.774633 0.00565705 0.632381 0.00257576
-0.7 1.55431e-15 -4.15223e-14 0.640691 -0.728533 0.171785 0.171011
0.333333 -0.75 0 1 0 0 0
-5.55112e-15 -1 9.10383e-15 0.660939 -0.102609 0.392487 0.631336
-0.333333 -0.75 0 1 0 0 0
1.87628e-14 -1 2.90878e-14 -0.131314 -0.547794 -0.804634 0.18773
0.631046 1.82601 0.10414 0.998626 -0.0222924 0.0472932 -0.00342166
1.21742 1.61284 1.53482 1 -9.77964e-16 1.27681e-15 6.73832e-16
0.540376 4.79688 7.41786 0.974986 -0.217273 0.0446997 0.0140275
0 0 0 1 0 0 0
-2 1 1.38778e-17 0.723781 0.0790995 0.685213 -0.0191434
0.0313133 0.843737 0.196749 0.732863 -0.207821 0.647642 -0.0168006
0.5 0.75 -8.53484e-16 0.911391 -0.146958 -0.0824011 0.375472
0.7 0 0 1 0 0 0
-0.5 0.75 0 1 0 0 0
-0.7 0 0 1 0 0 0
0.333333 -0.75 0 1 0 0 0
-7.99361e-15 -1 -7.03734e-15 0.999223 -0.0389766 -0.000486341 0.00579956
-0.333333 -0.75 0 1 0 0 0
0 -1 0 1 0 0 0
2 1 -4.72886e-15 0.829928 -0.0179437 -0.555567 -0.0473502
0 0.75 0 1 0 0 0
0.5 0.75 -3.10862e-15 0.905007 0.019284 -0.409295 -0.114315
0.650783 0.0576531 -0.0280593 0.629195 -0.682632 -0.135234 -0.346179
-0.5 0.75 -4.52971e-14 0.774633 0.00565705 0.632381 0.00257576
-0.7 1.55431e-15 -4.15223e-14 0.640691 -0.728533 0.171785 0.171011
0.333333 -0.75 0 1 0 0 0
-5.55112e-15 -1 9.10383e-15 0.660939 -0.102609 0.392487 0.631336
-0.333333 -0.75 0 1 0 0 0
1.87628e-14 -1 2.90878e-14 -0.131314 -0.547794 -0.804634 0.18773
0.631046 1.82601 0.10414 0.998626 -0.0222924 0.0472932 -0.00342166
1.21742 1.61284 1.53482 0.548208 -0.412947 -0.525861 -0.502407
2.08989 1.79672 8.41016 0.991392 -0.0373872 0.12427 -0.0173363
0 0 0 1 0 0 0
-2 1 1.38778e-17 0.723781 0.0790995 0.685213 -0.0191434
0.0313133 0.843737 0.196749 0.732863 -0.207821 0.647642 -0.0168006
0.5 0.75 -8.53484e-16 0.911391 -0.146958 -0.0824011 0.375472
0.7 0 0 1 0 0 0
-0.5 0.75 0 1 0 0 0
-0.7 0 0 1 0 0 0
0.333333 -0.75 0 1 0 0 0
-7.99361e-15 -1 -7.03734e-15 0.999223 -0.0389766 -0.000486341 0.00579956
-0.333333 -0.75 0 1 0 0 0
0 -1 0 1 0 0 0
2 1 -4.72886e-15 0.829928 -0.0179437 -0.555567 -0.0473502
0 0.75 0 1 0 0 0
0.5 0.75 -3.10862e-15 0.905007 0.019284 -0.409295 -0.114315
0.650783 0.0576531 -0.0280593 0.629195 -0.682632 -0.135234 -0.346179
-0.5 0.75 -4.52971e-14 0.774633 0.00565705 0.632381 0.00257576
-0.7 1.55431e-15 -4.15223e-14 0.640691 -0.728533 0.171785 0.171011
0.333333 -0.75 -4.21885e-15 0.629904 -0.2775 -0.497622 0.527814
-3.95239e-14 -1 1.42109e-14 0.794692 0.050646 0.604411 -0.0242221
-0.333333 -0.75 4.44089e-16 0.678799 -0.236146 0.429704 -0.546646
-2.08722e-14 -1 1.50546e-13 -0.492292 -0.000476552 -0.867946 0.0657111
0.631046 1.82601 0.10414 0.998626 -0.0222924 0.0472932 -0.00342166
1.21742 1.61284 1.53482 0.0755164 -0.512392 -0.388291 -0.762222
2.10831 1.79759 8.40537 0.991222 -0.0383815 0.123967 -0.025278
0 0 0 1 0 0 0
-2 1 -1.94289e-16 0.990846 0.0526676 0.115833 0.0450831
0.0313133 0.843737 0.196749 0.732863 -0.207821 0.647642 -0.0168006
0.5 0.75 -8.53484e-16 0.911391 -0.146958 -0.0824011 0.375472
0.7 0 0 1 0 0 0
-0.5 0.75 0 1 0 0 0
-0.7 0 0 1 0 0 0
0.333333 -0.75 0 1 0 0 0
-7.99361e-15 -1 -7.03734e-15 0.999223 -0.0389766 -0.000486341 0.00579956
-0.333333 -0.75 0 1 0 0 0
0 -1 0 1 0 0 0
2 1 -4.72886e-15 0.829928 -0.0179437 -0.555567 -0.0473502
0 0.75 0 1 0 0 0
0.5 0.75 -3.10862e-15 0.905007 0.019284 -0.409295 -0.114315
0.650783 0.0576531 -0.0280593 0.629195 -0.682632 -0.135234 -0.346179
-0.5 0.75 -4.52971e-14 0.774633 0.00565705 0.632381 0.00257576
-0.7 1.55431e-15 -4.15223e-14 0.640691 -0.728533 0.171785 0.171011
0.333333 -0.75 -4.21885e-15 0.629904 -0.2775 -0.497622 0.527814
-3.95239e-14 -1 1.42109e-14 0.794692 0.050646 0.604411 -0.0242221
-0.333333 -0.75 4.44089e-16 0.678799 -0.236146 0.429704 -0.546646
-2.08722e-14 -1 1.50546e-13 -0.492292 -0.000476552 -0.867946 0.0657111
0.631046 1.82601 0.10414 0.998626 -0.0222924 0.0472932 -0.00342166
1.21742 1.61284 1.53482 0.0755164 -0.512392 -0.388291 -0.762222
2.10831 1.79759 8.40537 0.991222 -0.0383815 0.123967 -0.025278
0 0 0 1 0 0 0
-2 1 5.26922e-16 0.345319 0.0209984 0.924005 -0.162877
0.0313133 0.843737 0.196749 0.732863 -0.207821 0.647642 -0.0168006
0.5 0.75 -8.53484e-16 0.911391 -0.146958 -0.0824011 0.375472
0.7 0 0 1 0 0 0
-0.5 0.75 0 1 0 0 0
-0.7 0 0 1 0 0 0
0.333333 -0.75 0 1 0 0 0
-7.99361e-15 -1 -7.03734e-15 0.999223 -0.0389766 -0.000486341 0.00579956
-0.333333 -0.75 0 1 0 0 0
0 -1 0 1 0 0 0
2 1 -4.72886e-15 0.829928 -0.0179437 -0.555567 -0.0473502
0 0.75 0 1 0 0 0
0.5 0.75 -3.10862e-15 0.905007 0.019284 -0.409295 -0.114315
0.650783 0.0576531 -0.0280593 0.629195 -0.682632 -0.135234 -0.346179
-0.5 0.75 -4.52971e-14 0.774633 0.00565705 0.632381 0.00257576
-0.7 1.55431e-15 -4.15223e-14 0.640691 -0.728533 0.171785 0.171011
0.333333 -0.75 -4.21885e-15 0.629904 -0.2775 -0.497622 0.527814
-3.95239e-14 -1 1.42109e-14 0.794692 0.050646 0.604411 -0.0242221
-0.333333 -0.75 4.44089e-16 0.678799 -0.236146 0.429704 -0.546646
-2.08722e-14 -1 1.50546e-13 -0.492292 -0.000476552 -0.867946 0.0657111
0.631046 1.82601 0.10414 0.998626 -0.0222924 0.0472932 -0.00342166
1.21742 1.61284 1.53482 0.0755164 -0.512392 -0.388291 -0.762222
2.10831 1.79759 8.40537 0.991222 -0.0383815 0.123967 -0.025278
0 0 0 1 0 0 0
-2 1 1.16573e-15 0.907763 0.0121095 0.4071 -0.100441
0.0313133 0.843737 0.196749 0.732863 -0.207821 0.647642 -0.0168006
0.5 0.75 -8.53484e-16 0.911391 -0.146958 -0.0824011 0.375472
0.7 0 0 1 0 0 0
-0.5 0.75 0 1 0 0 0
-0.7 0 0 1 0 0 0
0.333333 -0.75 0 1 0 0 0
-7.99361e-15 -1 -7.03734e-15 0.999223 -0.0389766 -0.000486341 0.00579956
-0.333333 -0.75 0 1 0 0 0
0 -1 0 1 0 0 0
2 1 -4.72886e-15 0.829928 -0.0179437 -0.555567 -0.0473502
0 0.75 0 1 0 0 0
0.5 0.75 -3.10862e-15 0.905007 0.019284 -0.409295 -0.114315
0.650783 0.0576531 -0.0280593 0.629195 -0.682632 -0.135234 -0.346179
-0.5 0.75 -4.52971e-14 0.774633 0.00565705 0.632381 0.00257576
-0.7 1.55431e-15 -4.15223e-14 0.640691 -0.728533 0.171785 0.171011
0.333333 -0.75 -4.21885e-15 0.629904 -0.2775 -0.497622 0.527814
-3.95239e-14 -1 1.42109e-14 0.794692 0.050646 0.604411 -0.0242221
-0.333333 -0.75 4.44089e-16 0.678799 -0.236146 0.429704 -0.546646
-2.08722e-14 -1 1.50546e-13 -0.492292 -0.000476552 -0.867946 0.0657111
0.631046 1.82601 0.10414 0.998626 -0.0222924 0.0472932 -0.00342166
1.21742 1.61284 1.53482 0.0755164 -0.512392 -0.388291 -0.762222
-1.87825 1.0724 3.07698 0.886845 0.0509641 -0.405033 0.216465
0 0 0 1 0 0 0
-2.02972 0.991621 -0.115958 0.907763 0.0121095 0.4071 -0.100441
0.0313133 0.843737 0.196749 0.732863 -0.207821 0.647642 -0.0168006
0.5 0.75 -8.53484e-16 0.911391 -0.146958 -0.0824011 0.375472
0.7 0 0 1 0 0 0
-0.5 0.75 0 1 0 0 0
-0.7 0 0 1 0 0 0
0.333333 -0.75 0 1 0 0 0
-7.99361e-15 -1 -7.03734e-15 0.999223 -0.0389766 -0.000486341 0.00579956
-0.333333 -0.75 0 1 0 0 0
0 -1 0 1 0 0 0
2 1 -4.72886e-15 0.829928 -0.0179437 -0.555567 -0.0473502
0 0.75 0 1 0 0 0
0.5 0.75 -3.10862e-15 0.905007 0.019284 -0.409295 -0.114315
0.650783 0.0576531 -0.0280593 0.629195 -0.682632 -0.135234 -0.346179
-0.5 0.75 -4.52971e-14 0.774633 0.00565705 0.632381 0.00257576
-0.7 1.55431e-15 -4.15223e-14 0.640691 -0.728533 0.171785 0.171011
0.333333 -0.75 -4.21885e-15 0.629904 -0.2775 -0.497622 0.527814
-3.95239e-14 -1 1.42109e-14 0.794692 0.050646 0.604411 -0.0242221
-0.333333 -0.75 4.44089e-16 0.678799 -0.236146 0.429704 -0.546646
-2.08722e-14 -1 1.50546e-13 -0.492292 -0.000476552 -0.867946 0.0657111
0.631046 1.82601 0.10414 0.998626 -0.0222924 0.0472932 -0.00342166
1.21742 1.61284 1.53482 0.0755164 -0.512392 -0.388291 -0.762222
-0.988767 -1.72506 2.36597 0.886845 0.0509641 -0.405033 0.216465
0 0 0 1 0 0 0
-2.02972 0.991621 -0.115958 0.907763 0.0121095 0.4071 -0.100441
0.0313133 0.843737 0.196749 0.732863 -0.207821 0.647642 -0.0168006
0.5 0.75 -8.53484e-16 0.911391 -0.146958 -0.0824011 0.375472
0.7 0 0 1 0 0 0
-0.5 0.75 0 1 0 0 0
-0.7 0 0 1 0 0 0
0.333333 -0.75 0 1 0 0 0
-7.99361e-15 -1 -7.03734e-15 0.999223 -0.0389766 -0.000486341 0.00579956
-0.333333 -0.75 0 1 0 0 0
0 -1 0 1 0 0 0
2 1 -4.72886e-15 0.829928 -0.0179437 -0.555567 -0.0473502
0 0.75 0 1 0 0 0
0.5 0.75 -3.10862e-15 0.905007 0.019284 -0.409295 -0.114315
0.650783 0.0576531 -0.0280593 0.629195 -0.682632 -0.135234 -0.346179
-0.5 0.75 -4.52971e-14 0.774633 0.00565705 0.632381 0.00257576
-0.7 1.55431e-15 -4.15223e-14 0.640691 -0.728533 0.171785 0.171011
0.333333 -0.75 -4.21885e-15 0.629904 -0.2775 -0.497622 0.527814
-3.95239e-14 -1 1.42109e-14 0.794692 0.050646 0.604411 -0.0242221
-0.333333 -0.75 4.44089e-16 0.678799 -0.236146 0.429704 -0.546646
-2.08722e-14 -1 1.50546e-13 -0.492292 -0.000476552 -0.867946 0.0657111
0.631046 1.82601 0.10414 0.998626 -0.0222924 0.0472932 -0.00342166
1.21742 1.61284 1.53482 0.0755164 -0.512392 -0.388291 -0.762222
