9 22
0.12465 2.01839 5.99129 0.989782 -0.142159 0.0105939 0.0030998
0 0 0 1 0 0 0
-2 1 0 1 0 0 0
0.5 0.75 0 1 0 0 0
0.7 0 0 1 0 0 0
-0.5 0.75 0 1 0 0 0
-0.7 0 0 1 0 0 0
0.375 -0.75 0 1 0 0 0
0 -1 0 1 0 0 0
-0.375 -0.75 0 1 0 0 0
0 -1 0 1 0 0 0
0 0.75 0 1 0 0 0
2 1 0 1 0 0 0
0.5 0.75 0 1 0 0 0
0.7 0 0 1 0 0 0
-0.5 0.75 0 1 0 0 0
-0.7 0 0 1 0 0 0
0.375 -0.75 0 1 0 0 0
0 -1 0 1 0 0 0
-0.375 -0.75 0 1 0 0 0
0 -1 0 1 0 0 0
0 0.75 0 1 0 0 0
0.12465 2.01839 5.99129 0.989782 -0.142159 0.0105939 0.0030998
0 0 0 1 0 0 0
-2 1 0 1 0 0 0
0.5 0.75 0 1 0 0 0
0.7 -4.94396e-017 -3.64292e-017 0.917475 -0.145807 -0.330054 0.167465
-0.5 0.75 0 1 0 0 0
-0.7 0 0 1 0 0 0
0.375 -0.75 0 1 0 0 0
0 -1 0 1 0 0 0
-0.375 -0.75 0 1 0 0 0
0 -1 0 1 0 0 0
0 0.75 0 1 0 0 0
2 1 0 1 0 0 0
0.5 0.75 0 1 0 0 0
0.7 0 0 1 0 0 0
-0.5 0.75 0 1 0 0 0
-0.7 0 0 1 0 0 0
0.375 -0.75 0 1 0 0 0
0 -1 0 1 0 0 0
-0.375 -0.75 0 1 0 0 0
0 -1 0 1 0 0 0
0 0.75 0 1 0 0 0
0.12465 2.01839 5.99129 0.989782 -0.142159 0.0105939 0.0030998
0 0 0 1 0 0 0
-2 1 -2.08167e-016 0.969826 -0.224081 0.0560136 0.0780178
0.5 0.75 0 1 0 0 0
0.7 -4.94396e-017 -3.64292e-017 0.917475 -0.145807 -0.330054 0.167465
-0.5 0.75 0 1 0 0 0
-0.7 0 0 1 0 0 0
0.375 -0.75 0 1 0 0 0
0 -1 0 1 0 0 0
-0.375 -0.75 0 1 0 0 0
0 -1 0 1 0 0 0
0 0.75 0 1 0 0 0
2 1 0 1 0 0 0
0.5 0.75 0 1 0 0 0
0.7 0 0 1 0 0 0
-0.5 0.75 0 1 0 0 0
-0.7 0 0 1 0 0 0
0.375 -0.75 0 1 0 0 0
0 -1 0 1 0 0 0
-0.375 -0.75 0 1 0 0 0
0 -1 0 1 0 0 0
0 0.75 0 1 0 0 0
0.12465 2.01839 5.99129 0.989782 -0.142159 0.0105939 0.0030998
0 0 0 1 0 0 0
-2 1 -2.08167e-016 0.969826 -0.224081 0.0560136 0.0780178
0.5 0.75 0 1 0 0 0
0.7 -4.94396e-017 -3.64292e-017 0.917475 -0.145807 -0.330054 0.167465
-0.5 0.75 0 1 0 0 0
-0.7 0 0 1 0 0 0
0.375 -0.75 1.73472e-017 0.831407 -0.523092 0.153319 0.107844
0 -1 0 1 0 0 0
-0.375 -0.75 0 1 0 0 0
0 -1 0 1 0 0 0
0 0.75 0 1 0 0 0
2 1 0 1 0 0 0
0.5 0.75 0 1 0 0 0
0.7 0 0 1 0 0 0
-0.5 0.75 0 1 0 0 0
-0.7 0 0 1 0 0 0
0.375 -0.75 0 1 0 0 0
0 -1 0 1 0 0 0
-0.375 -0.75 0 1 0 0 0
0 -1 0 1 0 0 0
0 0.75 0 1 0 0 0
0.12465 2.01839 5.99129 0.989782 -0.142159 0.0105939 0.0030998
0 0 0 1 0 0 0
-2 1 -2.08167e-016 0.969826 -0.224081 0.0560136 0.0780178
0.5 0.75 0 1 0 0 0
0.7 -4.94396e-017 -3.64292e-017 0.917475 -0.145807 -0.330054 0.167465
-0.5 0.75 0 1 0 0 0
-0.7 0 0 1 0 0 0
0.375 -0.75 1.73472e-017 0.831407 -0.523092 0.153319 0.107844
3.66027e-016 -1 -4.27468e-015 0.810116 -0.434405 0.163508 0.358147
-0.375 -0.75 0 1 0 0 0
0 -1 0 1 0 0 0
0 0.75 0 1 0 0 0
2 1 0 1 0 0 0
0.5 0.75 0 1 0 0 0
0.7 0 0 1 0 0 0
-0.5 0.75 0 1 0 0 0
-0.7 0 0 1 0 0 0
0.375 -0.75 0 1 0 0 0
0 -1 0 1 0 0 0
-0.375 -0.75 0 1 0 0 0
0 -1 0 1 0 0 0
0 0.75 0 1 0 0 0
0.12465 2.01839 5.99129 0.989782 -0.142159 0.0105939 0.0030998
0 0 0 1 0 0 0
-2 1 -2.08167e-016 0.969826 -0.224081 0.0560136 0.0780178
0.5 0.75 0 1 0 0 0
0.7 -4.94396e-017 -3.64292e-017 0.917475 -0.145807 -0.330054 0.167465
-0.5 0.75 0 1 0 0 0
-0.7 0 0 1 0 0 0
0.375 -0.75 1.73472e-017 0.831407 -0.523092 0.153319 0.107844
3.66027e-016 -1 -4.27468e-015 0.810116 -0.434405 0.163508 0.358147
-0.375 -0.75 0 1 0 0 0
0 -1 0 1 0 0 0
0 0.75 0 1 0 0 0
2 1 5.27369e-016 0.981167 0.0504419 0.135924 -0.127636
0.5 0.75 0 1 0 0 0
0.7 0 0 1 0 0 0
-0.5 0.75 0 1 0 0 0
-0.7 0 0 1 0 0 0
0.375 -0.75 0 1 0 0 0
0 -1 0 1 0 0 0
-0.375 -0.75 0 1 0 0 0
0 -1 0 1 0 0 0
0 0.75 0 1 0 0 0
0.12465 2.01839 5.99129 0.989782 -0.142159 0.0105939 0.0030998
0 0 0 1 0 0 0
-2 1 -2.08167e-016 0.969826 -0.224081 0.0560136 0.0780178
0.5 0.75 0 1 0 0 0
0.7 -4.94396e-017 -3.64292e-017 0.917475 -0.145807 -0.330054 0.167465
-0.5 0.75 0 1 0 0 0
-0.7 0 0 1 0 0 0
0.375 -0.75 1.73472e-017 0.831407 -0.523092 0.153319 0.107844
3.66027e-016 -1 -4.27468e-015 0.810116 -0.434405 0.163508 0.358147
-0.375 -0.75 0 1 0 0 0
0 -1 0 1 0 0 0
0 0.75 0 1 0 0 0
2 1 5.27369e-016 0.981167 0.0504419 0.135924 -0.127636
0.5 0.75 0 1 0 0 0
0.7 0 0 1 0 0 0
-0.5 0.75 0 1 0 0 0
-0.7 0 0 1 0 0 0
0.375 -0.75 0 1 0 0 0
0 -1 0 1 0 0 0
-0.375 -0.75 0 1 0 0 0
0 -1 0 1 0 0 0
1.14492e-016 0.75 -9.67976e-016 0.928218 0.265126 0.0834094 0.24731
0.12465 2.01839 5.99129 0.989782 -0.142159 0.0105939 0.0030998
0 0 0 1 0 0 0
-2 1 -2.08167e-016 0.969826 -0.224081 0.0560136 0.0780178
0.5 0.75 0 1 0 0 0
0.7 -4.94396e-017 -3.64292e-017 0.917475 -0.145807 -0.330054 0.167465
-0.5 0.75 0 1 0 0 0
-0.7 0 0 1 0 0 0
0.375 -0.75 1.73472e-017 0.831407 -0.523092 0.153319 0.107844
3.66027e-016 -1 -4.27468e-015 0.810116 -0.434405 0.163508 0.358147
-0.375 -0.75 0 1 0 0 0
0 -1 0 1 0 0 0
0 0.75 0 1 0 0 0
2 1 5.27369e-016 0.981167 0.0504419 0.135924 -0.127636
0.5 0.75 0 1 0 0 0
0.7 0 0 1 0 0 0
-0.5 0.75 0 1 0 0 0
-0.7 0 0 1 0 0 0
0.375 -0.75 0 1 0 0 0
0 -1 0 1 0 0 0
-0.375 -0.75 4.72712e-016 0.796696 -0.458498 -0.352267 -0.175966
0 -1 0 1 0 0 0
1.14492e-016 0.75 -9.67976e-016 0.928218 0.265126 0.0834094 0.24731
0.12465 2.01839 5.99129 0.989782 -0.142159 0.0105939 0.0030998
0 0 0 1 0 0 0
-2 1 -2.08167e-016 0.969826 -0.224081 0.0560136 0.0780178
0.5 0.75 0 1 0 0 0
0.7 -4.94396e-017 -3.64292e-017 0.917475 -0.145807 -0.330054 0.167465
-0.5 0.75 0 1 0 0 0
-0.7 0 0 1 0 0 0
0.375 -0.75 1.73472e-017 0.831407 -0.523092 0.153319 0.107844
3.66027e-016 -1 -4.27468e-015 0.810116 -0.434405 0.163508 0.358147
-0.375 -0.75 0 1 0 0 0
0 -1 0 1 0 0 0
0 0.75 0 1 0 0 0
2 1 5.27369e-016 0.981167 0.0504419 0.135924 -0.127636
0.5 0.75 0 1 0 0 0
0.7 0 0 1 0 0 0
-0.5 0.75 0 1 0 0 0
-0.7 0 0 1 0 0 0
0.375 -0.75 7.19043e-016 0.860093 -0.487307 0.136005 -0.0653896
0 -1 0 1 0 0 0
-0.375 -0.75 4.72712e-016 0.796696 -0.458498 -0.352267 -0.175966
0 -1 0 1 0 0 0
1.14492e-016 0.75 -9.67976e-016 0.928218 0.265126 0.0834094 0.24731
