18 25
-0.264263 3.81148 9.78342 0.98485 -0.172906 -0.0131375 -0.00153001
0 0 0 1 0 0 0
-5 1 0 1 0 0 0
0 0.75 0 1 0 0 0
0.5 0.75 0 1 0 0 0
0.7 0 0 1 0 0 0
-0.5 0.75 0 1 0 0 0
-0.7 0 0 1 0 0 0
0.333333 -0.75 0 1 0 0 0
0 -1 0 1 0 0 0
-0.333333 -0.75 0 1 0 0 0
0 -1 0 1 0 0 0
5 1 0 1 0 0 0
0 0.75 0 1 0 0 0
0.5 0.75 0 1 0 0 0
0.7 0 0 1 0 0 0
-0.5 0.75 0 1 0 0 0
-0.7 0 0 1 0 0 0
0.333333 -0.75 0 1 0 0 0
0 -1 0 1 0 0 0
-0.333333 -0.75 0 1 0 0 0
0 -1 0 1 0 0 0
-4 1 -4 1 0 0 0
4 3 4 1 0 0 0
0 0 0 1 0 0 0
-8.70412 1.43176 5.70094 0.859487 -0.167763 -0.441467 0.195563
0 0 0 1 0 0 0
-5 1 0 1 0 0 0
0 0.75 0 1 0 0 0
0.5 0.75 0 1 0 0 0
0.7 0 0 1 0 0 0
-0.5 0.75 0 1 0 0 0
-0.7 0 0 1 0 0 0
0.333333 -0.75 0 1 0 0 0
0 -1 0 1 0 0 0
-0.333333 -0.75 0 1 0 0 0
0 -1 0 1 0 0 0
5 1 0 1 0 0 0
0 0.75 0 1 0 0 0
0.5 0.75 0 1 0 0 0
0.7 0 0 1 0 0 0
-0.5 0.75 0 1 0 0 0
-0.7 0 0 1 0 0 0
0.333333 -0.75 0 1 0 0 0
0 -1 0 1 0 0 0
-0.333333 -0.75 0 1 0 0 0
0 -1 0 1 0 0 0
-4 1 -4 1 0 0 0
4 3 4 1 0 0 0
0 0 0 1 0 0 0
9.61727 3.77914 1.88116 0.670472 -0.493531 0.394102 -0.38933
0 0 0 1 0 0 0
-5 1 0 1 0 0 0
0 0.75 0 1 0 0 0
0.5 0.75 0 1 0 0 0
0.7 0 0 1 0 0 0
-0.5 0.75 0 1 0 0 0
-0.7 0 0 1 0 0 0
0.333333 -0.75 0 1 0 0 0
0 -1 0 1 0 0 0
-0.333333 -0.75 0 1 0 0 0
0 -1 0 1 0 0 0
5 1 0 1 0 0 0
0 0.75 0 1 0 0 0
0.5 0.75 0 1 0 0 0
0.7 0 0 1 0 0 0
-0.5 0.75 0 1 0 0 0
-0.7 0 0 1 0 0 0
0.333333 -0.75 0 1 0 0 0
0 -1 0 1 0 0 0
-0.333333 -0.75 0 1 0 0 0
0 -1 0 1 0 0 0
-4 1 -4 1 0 0 0
4 3 4 1 0 0 0
0 0 0 1 0 0 0
0.725275 7.74615 -7.05575 0.375302 -0.781415 0.469335 0.168119
0 0 0 1 0 0 0
-5 1 0 1 0 0 0
0 0.75 0 1 0 0 0
0.5 0.75 0 1 0 0 0
0.7 0 0 1 0 0 0
-0.5 0.75 0 1 0 0 0
-0.7 0 0 1 0 0 0
0.333333 -0.75 0 1 0 0 0
0 -1 0 1 0 0 0
-0.333333 -0.75 0 1 0 0 0
0 -1 0 1 0 0 0
5 1 0 1 0 0 0
0 0.75 0 1 0 0 0
0.5 0.75 0 1 0 0 0
0.7 0 0 1 0 0 0
-0.5 0.75 0 1 0 0 0
-0.7 0 0 1 0 0 0
0.333333 -0.75 0 1 0 0 0
0 -1 0 1 0 0 0
-0.333333 -0.75 0 1 0 0 0
0 -1 0 1 0 0 0
-4 1 -4 1 0 0 0
4 3 4 1 0 0 0
0 0 0 1 0 0 0
1.40328 -3.49368 9.80497 0.953821 0.191711 0.0292758 0.229381
0 0 0 1 0 0 0
-5 1 0 1 0 0 0
0 0.75 0 1 0 0 0
0.5 0.75 0 1 0 0 0
0.7 0 0 1 0 0 0
-0.5 0.75 0 1 0 0 0
-0.7 0 0 1 0 0 0
0.333333 -0.75 0 1 0 0 0
0 -1 0 1 0 0 0
-0.333333 -0.75 0 1 0 0 0
0 -1 0 1 0 0 0
5 1 0 1 0 0 0
0 0.75 0 1 0 0 0
0.5 0.75 0 1 0 0 0
0.7 0 0 1 0 0 0
-0.5 0.75 0 1 0 0 0
-0.7 0 0 1 0 0 0
0.333333 -0.75 0 1 0 0 0
0 -1 0 1 0 0 0
-0.333333 -0.75 0 1 0 0 0
0 -1 0 1 0 0 0
-4 1 -4 1 0 0 0
4 3 4 1 0 0 0
0 0 0 1 0 0 0
0.141091 3.55202 9.8831 0.966423 -0.157945 -0.0306809 -0.200348
0 0 0 1 0 0 0
-5 1 0 1 0 0 0
0 0.75 0 1 0 0 0
0.5 0.75 0 1 0 0 0
0.7 0 0 1 0 0 0
-0.5 0.75 0 1 0 0 0
-0.7 0 0 1 0 0 0
0.333333 -0.75 0 1 0 0 0
0 -1 0 1 0 0 0
-0.333333 -0.75 0 1 0 0 0
0 -1 0 1 0 0 0
5 1 0 1 0 0 0
0 0.75 0 1 0 0 0
0.5 0.75 0 1 0 0 0
0.7 0 0 1 0 0 0
-0.5 0.75 0 1 0 0 0
-0.7 0 0 1 0 0 0
0.333333 -0.75 0 1 0 0 0
0 -1 0 1 0 0 0
-0.333333 -0.75 0 1 0 0 0
0 -1 0 1 0 0 0
-4 1 -4 1 0 0 0
4 3 4 1 0 0 0
0 0 0 1 0 0 0
0.0269018 3.57121 9.87716 0.986539 -0.160755 0.00678088 0.0292147
0 0 0 1 0 0 0
-5 1 0 1 0 0 0
0 0.75 0 1 0 0 0
0.5 0.75 0 1 0 0 0
0.7 0 0 1 0 0 0
-0.5 0.75 0 1 0 0 0
-0.7 0 0 1 0 0 0
0.333333 -0.75 0 1 0 0 0
0 -1 0 1 0 0 0
-0.333333 -0.75 0 1 0 0 0
0 -1 0 1 0 0 0
5 1 0 1 0 0 0
0 0.75 0 1 0 0 0
0.5 0.75 0 1 0 0 0
0.7 0 0 1 0 0 0
-0.5 0.75 0 1 0 0 0
-0.7 0 0 1 0 0 0
0.333333 -0.75 0 1 0 0 0
0 -1 0 1 0 0 0
-0.333333 -0.75 0 1 0 0 0
0 -1 0 1 0 0 0
-4 1 -4 1 0 0 0
4 3 4 1 0 0 0
0 0 0 1 0 0 0
0.0269018 3.57121 9.87716 0.986539 -0.160755 0.00678088 0.0292147
0 0 0 1 0 0 0
-5 1 -1.08767e-15 0.689743 -0.0461364 0.712531 -0.120108
0 0.75 0 1 0 0 0
0.5 0.75 0 1 0 0 0
0.7 0 0 1 0 0 0
-0.5 0.75 0 1 0 0 0
-0.7 0 0 1 0 0 0
0.333333 -0.75 0 1 0 0 0
0 -1 0 1 0 0 0
-0.333333 -0.75 0 1 0 0 0
0 -1 0 1 0 0 0
5 1 0 1 0 0 0
0 0.75 0 1 0 0 0
0.5 0.75 0 1 0 0 0
0.7 0 0 1 0 0 0
-0.5 0.75 0 1 0 0 0
-0.7 0 0 1 0 0 0
0.333333 -0.75 0 1 0 0 0
0 -1 0 1 0 0 0
-0.333333 -0.75 0 1 0 0 0
0 -1 0 1 0 0 0
-4 1 -4 1 0 0 0
4 3 4 1 0 0 0
0 0 0 1 0 0 0
0.0269018 3.57121 9.87716 0.986539 -0.160755 0.00678088 0.0292147
0 0 0 1 0 0 0
-5 1 -1.08767e-15 0.689743 -0.0461364 0.712531 -0.120108
0 0.75 0 1 0 0 0
0.5 0.75 0 1 0 0 0
0.7 0 0 1 0 0 0
-0.5 0.75 0 1 0 0 0
-0.7 0 0 1 0 0 0
0.333333 -0.75 0 1 0 0 0
0 -1 0 1 0 0 0
-0.333333 -0.75 0 1 0 0 0
0 -1 0 1 0 0 0
5 1 1.60115e-15 0.71896 -0.0869962 -0.667822 0.171879
0 0.75 0 1 0 0 0
0.5 0.75 0 1 0 0 0
0.7 0 0 1 0 0 0
-0.5 0.75 0 1 0 0 0
-0.7 0 0 1 0 0 0
0.333333 -0.75 0 1 0 0 0
0 -1 0 1 0 0 0
-0.333333 -0.75 0 1 0 0 0
0 -1 0 1 0 0 0
-4 1 -4 1 0 0 0
4 3 4 1 0 0 0
0 0 0 1 0 0 0
0.0269018 3.57121 9.87716 0.986539 -0.160755 0.00678088 0.0292147
0 0 0 1 0 0 0
-5 1 -1.08767e-15 0.689743 -0.0461364 0.712531 -0.120108
0 0.75 0 1 0 0 0
0.5 0.75 0 1 0 0 0
0.7 0 0 1 0 0 0
-0.5 0.75 0 1 0 0 0
-0.7 0 0 1 0 0 0
0.333333 -0.75 0 1 0 0 0
0 -1 0 1 0 0 0
-0.333333 -0.75 0 1 0 0 0
0 -1 0 1 0 0 0
5 1 1.60115e-15 0.71896 -0.0869962 -0.667822 0.171879
0 0.75 0 1 0 0 0
0.5 0.75 0 1 0 0 0
0.7 0 0 1 0 0 0
-0.5 0.75 0 1 0 0 0
-0.7 0 0 1 0 0 0
0.333333 -0.75 0 1 0 0 0
0 -1 0 1 0 0 0
-0.333333 -0.75 0 1 0 0 0
0 -1 0 1 0 0 0
-4 1 -4 1 0 0 0
1.29396 2.41297 4.20798 0.999966 0.000514695 -0.00771904 0.00268338
0 0 0 1 0 0 0
0.0269018 3.57121 9.87716 0.986539 -0.160755 0.00678088 0.0292147
0 0 0 1 0 0 0
-5 1 -1.08767e-15 0.689743 -0.0461364 0.712531 -0.120108
0 0.75 0 1 0 0 0
0.5 0.75 0 1 0 0 0
0.7 0 0 1 0 0 0
-0.5 0.75 0 1 0 0 0
-0.7 0 0 1 0 0 0
0.333333 -0.75 0 1 0 0 0
0 -1 0 1 0 0 0
-0.333333 -0.75 0 1 0 0 0
0 -1 0 1 0 0 0
5 1 1.60115e-15 0.71896 -0.0869962 -0.667822 0.171879
0 0.75 0 1 0 0 0
0.5 0.75 0 1 0 0 0
0.7 0 0 1 0 0 0
-0.5 0.75 0 1 0 0 0
-0.7 0 0 1 0 0 0
0.333333 -0.75 0 1 0 0 0
0 -1 0 1 0 0 0
-0.333333 -0.75 0 1 0 0 0
0 -1 0 1 0 0 0
-0.146527 1.44226 -4.16432 1 8.32667e-16 2.60209e-17 0
1.29396 2.41297 4.20798 0.999966 0.000514695 -0.00771904 0.00268338
0 0 0 1 0 0 0
0.278445 3.25766 9.98111 0.573913 -0.0951957 -0.129714 -0.802955
0 0 0 1 0 0 0
-5 1 -1.08767e-15 0.689743 -0.0461364 0.712531 -0.120108
0 0.75 0 1 0 0 0
0.5 0.75 0 1 0 0 0
0.7 0 0 1 0 0 0
-0.5 0.75 0 1 0 0 0
-0.7 0 0 1 0 0 0
0.333333 -0.75 0 1 0 0 0
0 -1 0 1 0 0 0
-0.333333 -0.75 0 1 0 0 0
0 -1 0 1 0 0 0
5 1 1.60115e-15 0.71896 -0.0869962 -0.667822 0.171879
0 0.75 0 1 0 0 0
0.5 0.75 0 1 0 0 0
0.7 0 0 1 0 0 0
-0.5 0.75 0 1 0 0 0
-0.7 0 0 1 0 0 0
0.333333 -0.75 0 1 0 0 0
0 -1 0 1 0 0 0
-0.333333 -0.75 0 1 0 0 0
0 -1 0 1 0 0 0
-0.146527 1.44226 -4.16432 1 8.32667e-16 2.60209e-17 0
1.29396 2.41297 4.20798 0.999966 0.000514695 -0.00771904 0.00268338
0 0 0 1 0 0 0
-0.20531 3.2993 9.9692 0.643649 -0.103389 0.123283 0.748216
0 0 0 1 0 0 0
-5 1 -1.08767e-15 0.689743 -0.0461364 0.712531 -0.120108
0 0.75 0 1 0 0 0
0.5 0.75 0 1 0 0 0
0.7 0 0 1 0 0 0
-0.5 0.75 0 1 0 0 0
-0.7 0 0 1 0 0 0
0.333333 -0.75 0 1 0 0 0
0 -1 0 1 0 0 0
-0.333333 -0.75 0 1 0 0 0
0 -1 0 1 0 0 0
5 1 1.60115e-15 0.71896 -0.0869962 -0.667822 0.171879
0 0.75 0 1 0 0 0
0.5 0.75 0 1 0 0 0
0.7 0 0 1 0 0 0
-0.5 0.75 0 1 0 0 0
-0.7 0 0 1 0 0 0
0.333333 -0.75 0 1 0 0 0
0 -1 0 1 0 0 0
-0.333333 -0.75 0 1 0 0 0
0 -1 0 1 0 0 0
-0.146527 1.44226 -4.16432 1 8.32667e-16 2.60209e-17 0
1.29396 2.41297 4.20798 0.999966 0.000514695 -0.00771904 0.00268338
0 0 0 1 0 0 0
0.0375825 3.57159 9.87698 0.986938 -0.160863 0.00334281 0.00811827
0 0 0 1 0 0 0
-5 1 -1.08767e-15 0.689743 -0.0461364 0.712531 -0.120108
0 0.75 0 1 0 0 0
0.5 0.75 0 1 0 0 0
0.7 0 0 1 0 0 0
-0.5 0.75 0 1 0 0 0
-0.7 0 0 1 0 0 0
0.333333 -0.75 0 1 0 0 0
0 -1 0 1 0 0 0
-0.333333 -0.75 0 1 0 0 0
0 -1 0 1 0 0 0
5 1 1.60115e-15 0.71896 -0.0869962 -0.667822 0.171879
0 0.75 0 1 0 0 0
0.5 0.75 0 1 0 0 0
0.7 0 0 1 0 0 0
-0.5 0.75 0 1 0 0 0
-0.7 0 0 1 0 0 0
0.333333 -0.75 0 1 0 0 0
0 -1 0 1 0 0 0
-0.333333 -0.75 0 1 0 0 0
0 -1 0 1 0 0 0
-0.146527 1.44226 -4.16432 1 8.32667e-16 2.60209e-17 0
1.29396 2.41297 4.20798 0.999966 0.000514695 -0.00771904 0.00268338
0 0 0 1 0 0 0
1.94834 10.0216 2.46656 0.792462 -0.601655 0.0955827 -0.0296551
0 0 0 1 0 0 0
-5 1 -1.08767e-15 0.689743 -0.0461364 0.712531 -0.120108
0 0.75 0 1 0 0 0
0.5 0.75 0 1 0 0 0
0.7 0 0 1 0 0 0
-0.5 0.75 0 1 0 0 0
-0.7 0 0 1 0 0 0
0.333333 -0.75 0 1 0 0 0
0 -1 0 1 0 0 0
-0.333333 -0.75 0 1 0 0 0
0 -1 0 1 0 0 0
5 1 1.60115e-15 0.71896 -0.0869962 -0.667822 0.171879
0 0.75 0 1 0 0 0
0.5 0.75 0 1 0 0 0
0.7 0 0 1 0 0 0
-0.5 0.75 0 1 0 0 0
-0.7 0 0 1 0 0 0
0.333333 -0.75 0 1 0 0 0
0 -1 0 1 0 0 0
-0.333333 -0.75 0 1 0 0 0
0 -1 0 1 0 0 0
-0.146527 1.44226 -4.16432 1 8.32667e-16 2.60209e-17 0
1.29396 2.41297 4.20798 0.999966 0.000514695 -0.00771904 0.00268338
0 0 0 1 0 0 0
0.424231 2.90335 10.0848 0.991586 -0.127783 0.020669 0.00152362
0 0 0 1 0 0 0
-5 1 -1.08767e-15 0.689743 -0.0461364 0.712531 -0.120108
0 0.75 0 1 0 0 0
0.5 0.75 0 1 0 0 0
0.7 0 0 1 0 0 0
-0.5 0.75 0 1 0 0 0
-0.7 0 0 1 0 0 0
0.333333 -0.75 0 1 0 0 0
0 -1 0 1 0 0 0
-0.333333 -0.75 0 1 0 0 0
0 -1 0 1 0 0 0
5 1 1.60115e-15 0.71896 -0.0869962 -0.667822 0.171879
0 0.75 0 1 0 0 0
0.5 0.75 0 1 0 0 0
0.7 0 0 1 0 0 0
-0.5 0.75 0 1 0 0 0
-0.7 0 0 1 0 0 0
0.333333 -0.75 0 1 0 0 0
0 -1 0 1 0 0 0
-0.333333 -0.75 0 1 0 0 0
0 -1 0 1 0 0 0
-0.146527 1.44226 -4.16432 1 8.32667e-16 2.60209e-17 0
1.29396 2.41297 4.20798 0.999966 0.000514695 -0.00771904 0.00268338
0 0 0 1 0 0 0
0.208365 9.50154 4.471 0.850505 -0.525395 0.0205489 0.0133745
0 0 0 1 0 0 0
-5 1 -1.08767e-15 0.689743 -0.0461364 0.712531 -0.120108
0 0.75 0 1 0 0 0
0.5 0.75 0 1 0 0 0
0.7 0 0 1 0 0 0
-0.5 0.75 0 1 0 0 0
-0.7 0 0 1 0 0 0
0.333333 -0.75 0 1 0 0 0
0 -1 0 1 0 0 0
-0.333333 -0.75 0 1 0 0 0
0 -1 0 1 0 0 0
5 1 1.60115e-15 0.71896 -0.0869962 -0.667822 0.171879
0 0.75 0 1 0 0 0
0.5 0.75 0 1 0 0 0
0.7 0 0 1 0 0 0
-0.5 0.75 0 1 0 0 0
-0.7 0 0 1 0 0 0
0.333333 -0.75 0 1 0 0 0
0 -1 0 1 0 0 0
-0.333333 -0.75 0 1 0 0 0
0 -1 0 1 0 0 0
-0.146527 1.44226 -4.16432 1 8.32667e-16 2.60209e-17 0
1.29396 2.41297 4.20798 0.999966 0.000514695 -0.00771904 0.00268338
0 0 0 1 0 0 0
0.345207 4.48335 9.49173 0.977833 -0.206628 0.0228162 0.0250524
0 0 0 1 0 0 0
-5 1 -1.08767e-15 0.689743 -0.0461364 0.712531 -0.120108
0 0.75 0 1 0 0 0
0.5 0.75 0 1 0 0 0
0.7 0 0 1 0 0 0
-0.5 0.75 0 1 0 0 0
-0.7 0 0 1 0 0 0
0.333333 -0.75 0 1 0 0 0
0 -1 0 1 0 0 0
-0.333333 -0.75 0 1 0 0 0
0 -1 0 1 0 0 0
5 1 1.60115e-15 0.71896 -0.0869962 -0.667822 0.171879
0 0.75 0 1 0 0 0
0.5 0.75 0 1 0 0 0
0.7 0 0 1 0 0 0
-0.5 0.75 0 1 0 0 0
-0.7 0 0 1 0 0 0
0.333333 -0.75 0 1 0 0 0
0 -1 0 1 0 0 0
-0.333333 -0.75 0 1 0 0 0
0 -1 0 1 0 0 0
-0.146527 1.44226 -4.16432 1 8.32667e-16 2.60209e-17 0
1.29396 2.41297 4.20798 0.999966 0.000514695 -0.00771904 0.00268338
0 0 0 1 0 0 0
