25 22
0 0.25 7.23 1 0 0 0
0 0 0 1 0 0 0
-2 1 0 1 0 0 0
0 0.75 0 1 0 0 0
0.5 0.75 0 1 0 0 0
0.7 0 0 1 0 0 0
-0.5 0.75 0 1 0 0 0
-0.7 0 0 1 0 0 0
0.333333 -0.75 0 1 0 0 0
0 -1 0 1 0 0 0
-0.333333 -0.75 0 1 0 0 0
0 -1 0 1 0 0 0
2 1 0 1 0 0 0
0 0.75 0 1 0 0 0
0.5 0.75 0 1 0 0 0
0.7 0 0 1 0 0 0
-0.5 0.75 0 1 0 0 0
-0.7 0 0 1 0 0 0
0.333333 -0.75 0 1 0 0 0
0 -1 0 1 0 0 0
-0.333333 -0.75 0 1 0 0 0
0 -1 0 1 0 0 0
0 0.25 7.23 1 0 0 0
0 0 0 1 0 0 0
-2 1 0 1 0 0 0
0 0.75 0 1 0 0 0
0.5 0.75 0 0.920806 0 0 0.390022
0.7 0 0 1 0 0 0
-0.5 0.75 0 1 0 0 0
-0.7 0 0 1 0 0 0
0.333333 -0.75 0 1 0 0 0
0 -1 0 1 0 0 0
-0.333333 -0.75 0 1 0 0 0
0 -1 0 1 0 0 0
2 1 0 1 0 0 0
0 0.75 0 1 0 0 0
0.5 0.75 0 1 0 0 0
0.7 0 0 1 0 0 0
-0.5 0.75 0 1 0 0 0
-0.7 0 0 1 0 0 0
0.333333 -0.75 0 1 0 0 0
0 -1 0 1 0 0 0
-0.333333 -0.75 0 1 0 0 0
0 -1 0 1 0 0 0
4.30012 4.70152 3.42638 0.864173 -0.352556 0.358431 0.0209076
0 0 0 1 0 0 0
-2 1 0 1 0 0 0
0 0.75 0 1 0 0 0
0.5 0.75 0 0.920806 0 0 0.390022
0.7 0 0 1 0 0 0
-0.5 0.75 0 1 0 0 0
-0.7 0 0 1 0 0 0
0.333333 -0.75 0 1 0 0 0
0 -1 0 1 0 0 0
-0.333333 -0.75 0 1 0 0 0
0 -1 0 1 0 0 0
2 1 0 1 0 0 0
0 0.75 0 1 0 0 0
0.5 0.75 0 1 0 0 0
0.7 0 0 1 0 0 0
-0.5 0.75 0 1 0 0 0
-0.7 0 0 1 0 0 0
0.333333 -0.75 0 1 0 0 0
0 -1 0 1 0 0 0
-0.333333 -0.75 0 1 0 0 0
0 -1 0 1 0 0 0
1.48635 7.00438 1.03189 0.76634 -0.622624 0.156834 0.0216003
0 0 0 1 0 0 0
-2 1 0 1 0 0 0
0 0.75 0 1 0 0 0
0.5 0.75 0 0.920806 0 0 0.390022
0.7 0 0 1 0 0 0
-0.5 0.75 0 1 0 0 0
-0.7 0 0 1 0 0 0
0.333333 -0.75 0 1 0 0 0
0 -1 0 1 0 0 0
-0.333333 -0.75 0 1 0 0 0
0 -1 0 1 0 0 0
2 1 0 1 0 0 0
0 0.75 0 1 0 0 0
0.5 0.75 0 1 0 0 0
0.7 0 0 1 0 0 0
-0.5 0.75 0 1 0 0 0
-0.7 0 0 1 0 0 0
0.333333 -0.75 0 1 0 0 0
0 -1 0 1 0 0 0
-0.333333 -0.75 0 1 0 0 0
0 -1 0 1 0 0 0
0 0.25 7.23 1 0 0 0
0 0 0 1 0 0 0
-2 1 0 1 0 0 0
0 0.75 0 1 0 0 0
0.5 0.75 0 0.920806 0 0 0.390022
0.7 0 0 1 0 0 0
-0.5 0.75 0 1 0 0 0
-0.7 0 0 1 0 0 0
0.333333 -0.75 0 1 0 0 0
0 -1 0 1 0 0 0
-0.333333 -0.75 0 1 0 0 0
0 -1 0 1 0 0 0
2 1 0 1 0 0 0
0 0.75 0 1 0 0 0
0.5 0.75 0 1 0 0 0
0.7 0 0 1 0 0 0
-0.5 0.75 0 0.925769 0 0 0.378091
-0.7 0 0 1 0 0 0
0.333333 -0.75 0 1 0 0 0
0 -1 0 1 0 0 0
-0.333333 -0.75 0 1 0 0 0
0 -1 0 1 0 0 0
0 0.25 7.23 1 0 0 0
0 0 0 1 0 0 0
-2 1 0 1 0 0 0
0 0.75 0 1 0 0 0
0.5 0.75 0 0.920806 0 0 0.390022
0.7 0 0 1 0 0 0
-0.5 0.75 0 1 0 0 0
-0.7 0 0 1 0 0 0
0.333333 -0.75 0 0.917888 0 0 0.396839
0 -1 0 1 0 0 0
-0.333333 -0.75 0 1 0 0 0
0 -1 0 1 0 0 0
2 1 0 1 0 0 0
0 0.75 0 1 0 0 0
0.5 0.75 0 1 0 0 0
0.7 0 0 1 0 0 0
-0.5 0.75 0 0.925769 0 0 0.378091
-0.7 0 0 1 0 0 0
0.333333 -0.75 0 1 0 0 0
0 -1 0 1 0 0 0
-0.333333 -0.75 0 1 0 0 0
0 -1 0 1 0 0 0
0 0.25 7.23 1 0 0 0
0 0 0 1 0 0 0
-2 1 0 1 0 0 0
0 0.75 0 1 0 0 0
0.5 0.75 0 0.920806 0 0 0.390022
0.7 0 0 1 0 0 0
-0.5 0.75 0 1 0 0 0
-0.7 0 0 1 0 0 0
0.333333 -0.75 0 0.917888 0 0 0.396839
0 -1 0 1 0 0 0
-0.333333 -0.75 0 1 0 0 0
0 -1 0 1 0 0 0
2 1 0 1 0 0 0
0 0.75 0 1 0 0 0
0.5 0.75 0 1 0 0 0
0.7 0 0 1 0 0 0
-0.5 0.75 0 0.925769 0 0 0.378091
-0.7 0 0 1 0 0 0
0.333333 -0.75 0 0.946187 0 0 -0.323619
0 -1 0 1 0 0 0
-0.333333 -0.75 0 0.999939 -0.0079634 2.24584e-05 -0.00763647
0 -1 0 1 0 0 0
0 0.25 7.23 1 0 0 0
0 0 0 1 0 0 0
-2 1 0 0.842867 0.0545342 0.532219 -0.057833
0 0.75 0 1 0 0 0
0.5 0.75 0 0.920806 0 0 0.390022
0.7 0 0 1 0 0 0
-0.5 0.75 0 1 0 0 0
-0.7 0 0 1 0 0 0
0.333333 -0.75 0 0.917888 0 0 0.396839
0 -1 0 1 0 0 0
-0.333333 -0.75 0 1 0 0 0
0 -1 0 1 0 0 0
2 1 0 1 0 0 0
0 0.75 0 1 0 0 0
0.5 0.75 0 1 0 0 0
0.7 0 0 1 0 0 0
-0.5 0.75 0 0.925769 0 0 0.378091
-0.7 0 0 1 0 0 0
0.333333 -0.75 0 0.946187 0 0 -0.323619
0 -1 0 1 0 0 0
-0.333333 -0.75 0 0.999939 -0.0079634 2.24584e-05 -0.00763647
0 -1 0 1 0 0 0
0 0.25 7.23 1 0 0 0
0 0 0 1 0 0 0
-2 1 0 0.842867 0.0545342 0.532219 -0.057833
0 0.75 0 1 0 0 0
0.5 0.75 0 0.920806 0 0 0.390022
0.7 0 0 1 0 0 0
-0.5 0.75 0 1 0 0 0
-0.7 0 0 1 0 0 0
0.333333 -0.75 0 0.917888 0 0 0.396839
0 -1 0 1 0 0 0
-0.333333 -0.75 0 1 0 0 0
0 -1 0 1 0 0 0
2 1 0 0.950856 0 0 0.309634
0 0.75 0 1 0 0 0
0.5 0.75 0 1 0 0 0
0.7 0 0 1 0 0 0
-0.5 0.75 0 0.925769 0 0 0.378091
-0.7 0 0 1 0 0 0
0.333333 -0.75 0 0.946187 0 0 -0.323619
0 -1 0 1 0 0 0
-0.333333 -0.75 0 0.999939 -0.0079634 2.24584e-05 -0.00763647
0 -1 0 1 0 0 0
0 0.25 7.23 1 0 0 0
0 0 0 1 0 0 0
-2 1 0 0.842867 0.0545342 0.532219 -0.057833
3.33067e-16 0.75 -6.66134e-16 0.940029 0.308174 -0.0103592 -0.145831
0.5 0.75 0 0.920806 0 0 0.390022
0.7 0 0 1 0 0 0
-0.5 0.75 0 1 0 0 0
-0.7 0 0 1 0 0 0
0.333333 -0.75 0 0.917888 0 0 0.396839
0 -1 0 1 0 0 0
-0.333333 -0.75 0 1 0 0 0
0 -1 0 1 0 0 0
2 1 0 0.950856 0 0 0.309634
0 0.75 0 1 0 0 0
0.5 0.75 0 1 0 0 0
0.7 0 0 1 0 0 0
-0.5 0.75 0 0.925769 0 0 0.378091
-0.7 0 0 1 0 0 0
0.333333 -0.75 0 0.946187 0 0 -0.323619
0 -1 0 1 0 0 0
-0.333333 -0.75 0 0.999939 -0.0079634 2.24584e-05 -0.00763647
0 -1 0 1 0 0 0
0 0.25 7.23 1 0 0 0
0 0 0 1 0 0 0
-2 1 0 0.842867 0.0545342 0.532219 -0.057833
3.33067e-16 0.75 -6.66134e-16 0.940029 0.308174 -0.0103592 -0.145831
0.5 0.75 0 0.920806 0 0 0.390022
0.7 0 0 1 0 0 0
-0.5 0.75 0 1 0 0 0
-0.7 0 0 1 0 0 0
0.333333 -0.75 0 0.917888 0 0 0.396839
0 -1 0 1 0 0 0
-0.333333 -0.75 0 1 0 0 0
0 -1 0 1 0 0 0
2 1 0 0.950856 0 0 0.309634
1.64313e-14 0.75 0 0.954562 0 0 -0.298012
0.5 0.75 0 1 0 0 0
0.7 0 0 1 0 0 0
-0.5 0.75 0 0.925769 0 0 0.378091
-0.7 0 0 1 0 0 0
0.333333 -0.75 0 0.946187 0 0 -0.323619
0 -1 0 1 0 0 0
-0.333333 -0.75 0 0.999939 -0.0079634 2.24584e-05 -0.00763647
0 -1 0 1 0 0 0
0 0.25 7.23 1 0 0 0
0 0 0 1 0 0 0
-0.315874 1.04905 -0.02 0.838654 0.0540911 0.538829 -0.0582878
3.33067e-16 0.75 -6.66134e-16 0.940029 0.308174 -0.0103592 -0.145831
0.5 0.75 0 0.920806 0 0 0.390022
0.7 0 0 1 0 0 0
-0.5 0.75 0 1 0 0 0
-0.7 0 0 1 0 0 0
0.333333 -0.75 0 0.917888 0 0 0.396839
0 -1 0 1 0 0 0
-0.333333 -0.75 0 1 0 0 0
0 -1 0 1 0 0 0
2 1 0 0.950856 0 0 0.309634
1.64313e-14 0.75 0 0.954562 0 0 -0.298012
0.5 0.75 0 1 0 0 0
0.7 0 0 1 0 0 0
-0.5 0.75 0 0.925769 0 0 0.378091
-0.7 0 0 1 0 0 0
0.333333 -0.75 0 0.946187 0 0 -0.323619
0 -1 0 1 0 0 0
-0.333333 -0.75 0 0.999939 -0.0079634 2.24584e-05 -0.00763647
0 -1 0 1 0 0 0
0 0.25 7.23 1 0 0 0
0 0 0 1 0 0 0
-0.315874 1.04905 -0.02 0.838654 0.0540911 0.538829 -0.0582878
3.33067e-16 0.75 -6.66134e-16 0.940029 0.308174 -0.0103592 -0.145831
0.5 0.75 0 0.920806 0 0 0.390022
0.7 0 0 1 0 0 0
-0.5 0.75 0 1 0 0 0
-0.7 0 0 1 0 0 0
0.333333 -0.75 0 0.917888 0 0 0.396839
0 -1 0 1 0 0 0
-0.333333 -0.75 0 1 0 0 0
0 -1 0 1 0 0 0
-2.56558 0.951083 0 0.950856 0 0 0.309634
1.64313e-14 0.75 0 0.954562 0 0 -0.298012
0.5 0.75 0 1 0 0 0
0.7 0 0 1 0 0 0
-0.5 0.75 0 0.925769 0 0 0.378091
-0.7 0 0 1 0 0 0
0.333333 -0.75 0 0.946187 0 0 -0.323619
0 -1 0 1 0 0 0
-0.333333 -0.75 0 0.999939 -0.0079634 2.24584e-05 -0.00763647
0 -1 0 1 0 0 0
0 0.25 10.62 1 0 0 0
0 0 0 1 0 0 0
-0.315874 1.04905 -0.02 0.838654 0.0540911 0.538829 -0.0582878
3.33067e-16 0.75 -6.66134e-16 0.940029 0.308174 -0.0103592 -0.145831
0.5 0.75 0 0.920806 0 0 0.390022
0.7 0 0 1 0 0 0
-0.5 0.75 0 1 0 0 0
-0.7 0 0 1 0 0 0
0.333333 -0.75 0 0.917888 0 0 0.396839
0 -1 0 1 0 0 0
-0.333333 -0.75 0 1 0 0 0
0 -1 0 1 0 0 0
-2.56558 0.951083 0 0.950856 0 0 0.309634
1.64313e-14 0.75 0 0.954562 0 0 -0.298012
0.5 0.75 0 1 0 0 0
0.7 0 0 1 0 0 0
-0.5 0.75 0 0.925769 0 0 0.378091
-0.7 0 0 1 0 0 0
0.333333 -0.75 0 0.946187 0 0 -0.323619
0 -1 0 1 0 0 0
-0.333333 -0.75 0 0.999939 -0.0079634 2.24584e-05 -0.00763647
0 -1 0 1 0 0 0
0 0.25 4.1 1 0 0 0
0 0 0 1 0 0 0
-0.315874 1.04905 -0.02 0.838654 0.0540911 0.538829 -0.0582878
3.33067e-16 0.75 -6.66134e-16 0.940029 0.308174 -0.0103592 -0.145831
0.5 0.75 0 0.920806 0 0 0.390022
0.7 0 0 1 0 0 0
-0.5 0.75 0 1 0 0 0
-0.7 0 0 1 0 0 0
0.333333 -0.75 0 0.917888 0 0 0.396839
0 -1 0 1 0 0 0
-0.333333 -0.75 0 1 0 0 0
0 -1 0 1 0 0 0
-2.56558 0.951083 0 0.950856 0 0 0.309634
1.64313e-14 0.75 0 0.954562 0 0 -0.298012
0.5 0.75 0 1 0 0 0
0.7 0 0 1 0 0 0
-0.5 0.75 0 0.925769 0 0 0.378091
-0.7 0 0 1 0 0 0
0.333333 -0.75 0 0.946187 0 0 -0.323619
0 -1 0 1 0 0 0
-0.333333 -0.75 0 0.999939 -0.0079634 2.24584e-05 -0.00763647
0 -1 0 1 0 0 0
0.173128 3.86307 -1.38537 0.438904 -0.560314 0.594608 0.373968
0 0 0 1 0 0 0
-0.315874 1.04905 -0.02 0.838654 0.0540911 0.538829 -0.0582878
3.33067e-16 0.75 -6.66134e-16 0.940029 0.308174 -0.0103592 -0.145831
0.5 0.75 0 0.920806 0 0 0.390022
0.7 0 0 1 0 0 0
-0.5 0.75 0 1 0 0 0
-0.7 0 0 1 0 0 0
0.333333 -0.75 0 0.917888 0 0 0.396839
0 -1 0 1 0 0 0
-0.333333 -0.75 0 1 0 0 0
0 -1 0 1 0 0 0
-2.56558 0.951083 0 0.950856 0 0 0.309634
1.64313e-14 0.75 0 0.954562 0 0 -0.298012
0.5 0.75 0 1 0 0 0
0.7 0 0 1 0 0 0
-0.5 0.75 0 0.925769 0 0 0.378091
-0.7 0 0 1 0 0 0
0.333333 -0.75 0 0.946187 0 0 -0.323619
0 -1 0 1 0 0 0
-0.333333 -0.75 0 0.999939 -0.0079634 2.24584e-05 -0.00763647
0 -1 0 1 0 0 0
0.569189 7.46889 -2.67521 0.438904 -0.560314 0.594608 0.373968
0 0 0 1 0 0 0
-0.315874 1.04905 -0.02 0.838654 0.0540911 0.538829 -0.0582878
3.33067e-16 0.75 -6.66134e-16 0.940029 0.308174 -0.0103592 -0.145831
0.5 0.75 0 0.920806 0 0 0.390022
0.7 0 0 1 0 0 0
-0.5 0.75 0 1 0 0 0
-0.7 0 0 1 0 0 0
0.333333 -0.75 0 0.917888 0 0 0.396839
0 -1 0 1 0 0 0
-0.333333 -0.75 0 1 0 0 0
0 -1 0 1 0 0 0
-2.56558 0.951083 0 0.950856 0 0 0.309634
1.64313e-14 0.75 0 0.954562 0 0 -0.298012
0.5 0.75 0 1 0 0 0
0.7 0 0 1 0 0 0
-0.5 0.75 0 0.925769 0 0 0.378091
-0.7 0 0 1 0 0 0
0.333333 -0.75 0 0.946187 0 0 -0.323619
0 -1 0 1 0 0 0
-0.333333 -0.75 0 0.999939 -0.0079634 2.24584e-05 -0.00763647
0 -1 0 1 0 0 0
2.13363 6.9914 -3.52967 0.438904 -0.560314 0.594608 0.373968
0 0 0 1 0 0 0
-0.315874 1.04905 -0.02 0.838654 0.0540911 0.538829 -0.0582878
3.33067e-16 0.75 -6.66134e-16 0.940029 0.308174 -0.0103592 -0.145831
0.5 0.75 0 0.920806 0 0 0.390022
0.7 0 0 1 0 0 0
-0.5 0.75 0 1 0 0 0
-0.7 0 0 1 0 0 0
0.333333 -0.75 0 0.917888 0 0 0.396839
0 -1 0 1 0 0 0
-0.333333 -0.75 0 1 0 0 0
0 -1 0 1 0 0 0
-2.56558 0.951083 0 0.950856 0 0 0.309634
1.64313e-14 0.75 0 0.954562 0 0 -0.298012
0.5 0.75 0 1 0 0 0
0.7 0 0 1 0 0 0
-0.5 0.75 0 0.925769 0 0 0.378091
-0.7 0 0 1 0 0 0
0.333333 -0.75 0 0.946187 0 0 -0.323619
0 -1 0 1 0 0 0
-0.333333 -0.75 0 0.999939 -0.0079634 2.24584e-05 -0.00763647
0 -1 0 1 0 0 0
-1.08158 7.88192 -2.02743 0.438904 -0.560314 0.594608 0.373968
0 0 0 1 0 0 0
-0.315874 1.04905 -0.02 0.838654 0.0540911 0.538829 -0.0582878
3.33067e-16 0.75 -6.66134e-16 0.940029 0.308174 -0.0103592 -0.145831
0.5 0.75 0 0.920806 0 0 0.390022
0.7 0 0 1 0 0 0
-0.5 0.75 0 1 0 0 0
-0.7 0 0 1 0 0 0
0.333333 -0.75 0 0.917888 0 0 0.396839
0 -1 0 1 0 0 0
-0.333333 -0.75 0 1 0 0 0
0 -1 0 1 0 0 0
-2.56558 0.951083 0 0.950856 0 0 0.309634
1.64313e-14 0.75 0 0.954562 0 0 -0.298012
0.5 0.75 0 1 0 0 0
0.7 0 0 1 0 0 0
-0.5 0.75 0 0.925769 0 0 0.378091
-0.7 0 0 1 0 0 0
0.333333 -0.75 0 0.946187 0 0 -0.323619
0 -1 0 1 0 0 0
-0.333333 -0.75 0 0.999939 -0.0079634 2.24584e-05 -0.00763647
0 -1 0 1 0 0 0
0.930557 8.22647 -0.446367 0.438904 -0.560314 0.594608 0.373968
0 0 0 1 0 0 0
-0.315874 1.04905 -0.02 0.838654 0.0540911 0.538829 -0.0582878
3.33067e-16 0.75 -6.66134e-16 0.940029 0.308174 -0.0103592 -0.145831
0.5 0.75 0 0.920806 0 0 0.390022
0.7 0 0 1 0 0 0
-0.5 0.75 0 1 0 0 0
-0.7 0 0 1 0 0 0
0.333333 -0.75 0 0.917888 0 0 0.396839
0 -1 0 1 0 0 0
-0.333333 -0.75 0 1 0 0 0
0 -1 0 1 0 0 0
-2.56558 0.951083 0 0.950856 0 0 0.309634
1.64313e-14 0.75 0 0.954562 0 0 -0.298012
0.5 0.75 0 1 0 0 0
0.7 0 0 1 0 0 0
-0.5 0.75 0 0.925769 0 0 0.378091
-0.7 0 0 1 0 0 0
0.333333 -0.75 0 0.946187 0 0 -0.323619
0 -1 0 1 0 0 0
-0.333333 -0.75 0 0.999939 -0.0079634 2.24584e-05 -0.00763647
0 -1 0 1 0 0 0
-0.605645 7.52367 -2.88281 0.438904 -0.560314 0.594608 0.373968
0 0 0 1 0 0 0
-0.315874 1.04905 -0.02 0.838654 0.0540911 0.538829 -0.0582878
3.33067e-16 0.75 -6.66134e-16 0.940029 0.308174 -0.0103592 -0.145831
0.5 0.75 0 0.920806 0 0 0.390022
0.7 0 0 1 0 0 0
-0.5 0.75 0 1 0 0 0
-0.7 0 0 1 0 0 0
0.333333 -0.75 0 0.917888 0 0 0.396839
0 -1 0 1 0 0 0
-0.333333 -0.75 0 1 0 0 0
0 -1 0 1 0 0 0
-2.56558 0.951083 0 0.950856 0 0 0.309634
1.64313e-14 0.75 0 0.954562 0 0 -0.298012
0.5 0.75 0 1 0 0 0
0.7 0 0 1 0 0 0
-0.5 0.75 0 0.925769 0 0 0.378091
-0.7 0 0 1 0 0 0
0.333333 -0.75 0 0.946187 0 0 -0.323619
0 -1 0 1 0 0 0
-0.333333 -0.75 0 0.999939 -0.0079634 2.24584e-05 -0.00763647
0 -1 0 1 0 0 0
0.637338 2.82226 7.54398 0.985782 -0.0816113 0.0662828 0.131069
0 0 0 1 0 0 0
1.8971 1.80185 -0.404558 0.838654 0.0540911 0.538829 -0.0582878
3.33067e-16 0.75 -6.66134e-16 0.940029 0.308174 -0.0103592 -0.145831
0.5 0.75 0 0.920806 0 0 0.390022
0.7 0 0 1 0 0 0
-0.5 0.75 0 1 0 0 0
-0.7 0 0 1 0 0 0
0.333333 -0.75 0 0.917888 0 0 0.396839
0 -1 0 1 0 0 0
-0.333333 -0.75 0 1 0 0 0
0 -1 0 1 0 0 0
-2.56558 0.951083 0 0.950856 0 0 0.309634
1.64313e-14 0.75 0 0.954562 0 0 -0.298012
0.5 0.75 0 1 0 0 0
0.7 0 0 1 0 0 0
-0.5 0.75 0 0.925769 0 0 0.378091
-0.7 0 0 1 0 0 0
0.333333 -0.75 0 0.946187 0 0 -0.323619
0 -1 0 1 0 0 0
-0.333333 -0.75 0 0.999939 -0.0079634 2.24584e-05 -0.00763647
0 -1 0 1 0 0 0
0.637338 2.82226 7.54398 0.985782 -0.0816113 0.0662828 0.131069
0 0 0 1 0 0 0
-0.964017 3.27763 -0.353851 0.838654 0.0540911 0.538829 -0.0582878
3.33067e-16 0.75 -6.66134e-16 0.940029 0.308174 -0.0103592 -0.145831
0.5 0.75 0 0.920806 0 0 0.390022
0.7 0 0 1 0 0 0
-0.5 0.75 0 1 0 0 0
-0.7 0 0 1 0 0 0
0.333333 -0.75 0 0.917888 0 0 0.396839
0 -1 0 1 0 0 0
-0.333333 -0.75 0 1 0 0 0
0 -1 0 1 0 0 0
-2.56558 0.951083 0 0.950856 0 0 0.309634
1.64313e-14 0.75 0 0.954562 0 0 -0.298012
0.5 0.75 0 1 0 0 0
0.7 0 0 1 0 0 0
-0.5 0.75 0 0.925769 0 0 0.378091
-0.7 0 0 1 0 0 0
0.333333 -0.75 0 0.946187 0 0 -0.323619
0 -1 0 1 0 0 0
-0.333333 -0.75 0 0.999939 -0.0079634 2.24584e-05 -0.00763647
0 -1 0 1 0 0 0
0.637338 2.82226 7.54398 0.985782 -0.0816113 0.0662828 0.131069
0 0 0 1 0 0 0
1.2843 3.84138 -0.707895 0.838654 0.0540911 0.538829 -0.0582878
3.33067e-16 0.75 -6.66134e-16 0.940029 0.308174 -0.0103592 -0.145831
0.5 0.75 0 0.920806 0 0 0.390022
0.7 0 0 1 0 0 0
-0.5 0.75 0 1 0 0 0
-0.7 0 0 1 0 0 0
0.333333 -0.75 0 0.917888 0 0 0.396839
0 -1 0 1 0 0 0
-0.333333 -0.75 0 1 0 0 0
0 -1 0 1 0 0 0
-2.56558 0.951083 0 0.950856 0 0 0.309634
1.64313e-14 0.75 0 0.954562 0 0 -0.298012
0.5 0.75 0 1 0 0 0
0.7 0 0 1 0 0 0
-0.5 0.75 0 0.925769 0 0 0.378091
-0.7 0 0 1 0 0 0
0.333333 -0.75 0 0.946187 0 0 -0.323619
0 -1 0 1 0 0 0
-0.333333 -0.75 0 0.999939 -0.0079634 2.24584e-05 -0.00763647
0 -1 0 1 0 0 0
0.637338 2.82226 7.54398 0.985782 -0.0816113 0.0662828 0.131069
0 0 0 1 0 0 0
1.10324 1.34419 -0.232402 0.838654 0.0540911 0.538829 -0.0582878
3.33067e-16 0.75 -6.66134e-16 0.940029 0.308174 -0.0103592 -0.145831
0.5 0.75 0 0.920806 0 0 0.390022
0.7 0 0 1 0 0 0
-0.5 0.75 0 1 0 0 0
-0.7 0 0 1 0 0 0
0.333333 -0.75 0 0.917888 0 0 0.396839
0 -1 0 1 0 0 0
-0.333333 -0.75 0 1 0 0 0
0 -1 0 1 0 0 0
-2.56558 0.951083 0 0.950856 0 0 0.309634
1.64313e-14 0.75 0 0.954562 0 0 -0.298012
0.5 0.75 0 1 0 0 0
0.7 0 0 1 0 0 0
-0.5 0.75 0 0.925769 0 0 0.378091
-0.7 0 0 1 0 0 0
0.333333 -0.75 0 0.946187 0 0 -0.323619
0 -1 0 1 0 0 0
-0.333333 -0.75 0 0.999939 -0.0079634 2.24584e-05 -0.00763647
0 -1 0 1 0 0 0
